-142 -3
==========================
-142 -3
==========================
-142 -3
==========================
-142 -3
==========================
-142 -3
==========================
-142 -3
==========================
-142 -3
==========================
-142 -3
==========================
-142 -3
==========================
-142 -3
==========================
-142 -3
==========================
-142 -3
==========================
-141.99 -2.99461
-7.00997 69.9946
==========================
-141.954 -2.97524
-7.04579 69.9752
==========================
-141.892 -2.94172
-7.10779 69.9417
==========================
-141.804 -2.89401
-7.19601 69.894
==========================
-141.689 -2.83209
-7.31052 69.8321
==========================
-141.549 -2.75591
-7.45141 69.7559
==========================
-141.381 -2.6654
-7.61879 69.6654
==========================
-141.187 -2.5605
-7.81278 69.5605
==========================
-140.966 -2.44112
-8.03355 69.4411
==========================
-140.719 -2.30717
-8.28127 69.3071
==========================
-140.444 -2.15853
-8.55614 69.1585
==========================
-140.142 -1.9951
-8.85838 68.9951
==========================
-139.812 -1.81673
-9.18825 68.8167
==========================
-139.441 -1.59735
-9.57051 68.6247
-82.6632 52.8227
==========================
-138.972 -1.29166
-10.0905 68.3874
-48.1127 13.7542
==========================
-138.393 -0.948536
-10.7314 68.0258
-13.5507 -25.2273
==========================
-137.738 -0.595572
-11.4142 67.5618
20.9774 -64.1162
==========================
-137.029 -0.235302
-12.1189 67.0403
55.4733 -102.955
==========================
-136.276 0.134337
-12.8462 66.4811
89.9475 -141.765
==========================
-135.483 0.515458
-13.5991 65.8927
124.407 -180.558
==========================
-134.651 0.909747
-14.3796 65.279
158.856 -219.339
==========================
-133.783 1.31856
-15.1899 64.642
193.298 -258.111
==========================
-132.876 1.74302
-16.0317 63.9826
227.733 -296.876
==========================
-131.933 2.18415
-16.9065 63.3014
262.164 -335.635
==========================
-130.95 2.64288
-17.816 62.5984
296.592 -374.391
==========================
-129.929 3.12011
-18.7616 61.8735
331.016 -413.143
==========================
-128.867 3.61675
-19.7452 61.1262
365.437 -451.893
==========================
-127.763 4.13371
-20.7682 60.3562
399.856 -490.64
==========================
-126.616 4.67198
-21.8326 59.5628
434.274 -529.385
==========================
-125.424 5.23259
-22.9405 58.7452
468.69 -568.13
==========================
-124.185 5.81665
-24.0939 57.9026
503.104 -606.869
==========================
-122.897 6.42536
-25.2954 57.0339
537.517 -645.608
==========================
-121.557 7.06007
-26.5475 56.1379
571.928 -684.347
==========================
-120.162 7.72226
-27.8533 55.2133
606.34 -723.086
==========================
-118.709 8.41358
-29.2162 54.2586
640.751 -761.825
==========================
-117.195 9.13591
-30.6401 53.272
675.163 -800.559
==========================
-115.614 9.8914
-32.1294 52.2513
709.571 -839.292
==========================
-113.962 10.6825
-33.6892 51.1944
743.977 -878.025
==========================
-112.233 11.5121
-35.3256 50.0981
778.383 -916.758
==========================
-110.419 12.3836
-37.0458 48.9594
812.788 -955.491
==========================
-108.513 13.301
-38.8584 47.7742
847.194 -994.224
==========================
-106.503 14.2692
-40.7739 46.5376
881.599 -1032.96
==========================
-104.376 15.2943
-42.8056 45.2435
916.005 -1071.69
==========================
-102.116 16.3841
-44.9704 43.8844
950.41 -1110.42
==========================
-99.7001 17.5485
-47.2906 42.4501
984.816 -1149.16
==========================
-97.0978 18.8012
-49.7968 40.9271
1019.22 -1187.89
==========================
-94.2649 20.1616
-52.5332 39.296
1053.62 -1226.62
==========================
-91.1325 21.6591
-55.5689 37.5275
1088.02 -1265.35
==========================
-87.5807 23.3432
-59.0234 35.572
1122.42 -1304.09
==========================
-86.9975 23.478
1156.82 -1342.82
==========================
-86.9006 23.3624
1191.22 -1381.55
==========================
-86.8037 23.2467
1225.62 -1420.29
==========================
-86.7068 23.1308
1260.02 -1459.02
==========================
-86.6099 23.0148
1294.42 -1497.75
==========================
-86.513 22.8986
1328.82 -1536.48
113.235 466.425
==========================
-86.415 22.784
1363.22 -1575.21
108.734 443.922
==========================
-86.3156 22.6722
1397.62 -1613.93
104.23 421.413
==========================
-86.2146 22.5635
1432.01 -1652.65
99.7233 398.899
==========================
-86.1117 22.4583
1466.41 -1691.38
95.2136 376.377
==========================
-86.0067 22.3568
1500.81 -1730.1
90.7002 353.849
==========================
-85.8993 22.2596
1535.21 -1768.82
86.1827 331.312
==========================
-85.7892 22.1672
1569.61 -1807.54
81.6601 308.766
==========================
-85.6758 22.0802
1604.01 -1846.26
77.1318 286.21
==========================
-85.5585 21.9992
1638.41 -1884.98
72.5965 263.642
==========================
-85.4366 21.9251
1672.81 -1923.7
68.0529 241.062
==========================
-85.3092 21.8589
1707.21 -1962.42
63.4991 218.467
==========================
-85.1747 21.8017
1741.61 -2001.14
58.9326 195.854
==========================
-85.0316 21.7549
1776.01 -2039.86
54.3502 173.223
==========================
-84.8773 21.72
1810.41 -2078.58
49.7474 150.569
==========================
-84.7086 21.6989
1844.81 -2117.3
45.118 127.889
==========================
-84.5209 21.6934
1879.21 -2156.02
40.4536 105.181
==========================
-84.3076 21.7048
1913.61 -2194.74
35.7422 82.4408
==========================
-84.0604 21.7335
1948.01 -2233.47
30.968 59.6688
==========================
-83.7686 21.777
1982.41 -2272.19
26.1115 36.8691
==========================
-83.4215 21.8284
2016.8 -2310.91
21.1528 14.0546
==========================
-83.0118 21.8759
2051.2 -2349.63
16.0785 -8.75287
==========================
-82.5402 21.9054
2085.6 -2388.35
10.8898 -31.5273
==========================
-82.0156 21.9061
2120 -2427.07
5.60313 -54.2484
==========================
-81.4507 21.8733
2154.4 -2465.79
0.241925 -76.9076
==========================
-80.8574 21.8075
2188.8 -2504.51
-5.17144 -99.5061
==========================
-80.2452 21.7124
2223.2 -2543.23
-10.6198 -122.051
==========================
-79.6204 21.5923
2257.6 -2581.95
-16.0913 -144.549
==========================
-78.9873 21.4511
2292 -2620.67
-21.5781 -167.008
==========================
-78.3487 21.2923
2326.4 -2659.39
-27.0749 -189.435
==========================
-77.7063 21.1187
2360.8 -2698.11
-32.5786 -211.835
==========================
-77.0615 20.9328
2395.2 -2736.83
-38.0868 -234.211
==========================
-76.4149 20.7362
2429.6 -2775.55
-43.598 -256.569
==========================
-75.7673 20.5306
2464 -2814.28
-49.1112 -278.909
==========================
-75.1188 20.3171
2498.4 -2853
-54.6257 -301.236
==========================
-74.4699 20.0968
2532.8 -2891.72
-60.141 -323.549
==========================
-73.8206 19.8704
2567.2 -2930.44
-65.6568 -345.852
==========================
-73.1714 19.6388
2601.59 -2969.16
-71.1728 -368.145
==========================
-72.5221 19.4024
2635.99 -3007.88
-76.6889 -390.429
==========================
-71.8728 19.1618
2670.39 -3046.6
-82.2049 -412.706
==========================
-71.2236 18.9173
2704.79 -3085.32
-87.7206 -434.975
==========================
-70.5743 18.6694
2739.19 -3124.04
-93.2359 -457.239
==========================
-69.9251 18.4184
2773.59 -3162.76
-98.7512 -479.496
==========================
-69.2758 18.1645
2807.99 -3201.48
-104.266 -501.749
==========================
-68.627 17.908
2842.39 -3240.2
-109.78 -523.997
==========================
-67.9785 17.6491
2876.79 -3278.92
-115.294 -546.239
==========================
-67.33 17.3879
2911.19 -3317.64
-120.808 -568.479
==========================
-66.6815 17.1247
2945.59 -3356.37
-126.321 -590.714
==========================
-66.033 16.8596
2979.99 -3395.09
-131.834 -612.946
==========================
-65.3851 16.5928
3014.39 -3433.81
-137.347 -635.175
==========================
-64.7374 16.3242
3048.79 -3472.53
-142.86 -657.401
==========================
-64.0896 16.0542
3083.19 -3511.25
-148.371 -679.624
==========================
-63.4419 15.7827
3117.59 -3549.97
-153.882 -701.845
==========================
-62.7946 15.5098
3151.99 -3588.69
-159.394 -724.062
==========================
-62.1472 15.2357
3186.39 -3627.41
-164.905 -746.279
==========================
-61.5 14.9603
3220.78 -3666.13
-170.415 -768.492
==========================
-60.853 14.6838
3255.18 -3704.85
-175.925 -790.702
==========================
-60.2061 14.4063
3289.58 -3743.57
-181.435 -812.913
==========================
-59.5593 14.1277
3323.98 -3782.29
-186.945 -835.121
==========================
-58.9127 13.8482
3358.38 -3821.01
-192.455 -857.326
==========================
-58.2661 13.5677
3392.78 -3859.73
-197.963 -879.53
==========================
-57.6196 13.2864
3427.18 -3898.46
-203.472 -901.735
==========================
-56.9734 13.0043
3461.58 -3937.18
-208.98 -923.936
==========================
-56.3272 12.7213
3495.98 -3975.9
-214.489 -946.134
==========================
-55.681 12.4376
3530.38 -4014.62
-219.997 -968.333
==========================
-55.035 12.1532
3564.78 -4053.34
-225.505 -990.531
==========================
-54.3892 11.8681
3599.18 -4092.06
-231.012 -1012.73
==========================
-53.7434 11.5824
3633.58 -4130.78
-236.519 -1034.92
==========================
-53.0975 11.296
3667.98 -4169.5
-242.026 -1057.12
==========================
-52.4519 11.009
3702.38 -4208.22
-247.533 -1079.31
==========================
-51.8065 10.7215
3736.78 -4246.94
-253.04 -1101.5
==========================
-51.1611 10.4334
3771.18 -4285.66
-258.546 -1123.69
==========================
-50.5156 10.1447
3805.57 -4324.38
-264.051 -1145.88
==========================
-49.8702 9.85553
3839.97 -4363.1
-269.557 -1168.08
==========================
-49.2251 9.56586
3874.37 -4401.82
-275.062 -1190.27
==========================
-48.58 9.27571
3908.77 -4440.54
-280.568 -1212.46
==========================
-47.9349 8.98511
3943.17 -4479.27
-286.073 -1234.65
==========================
-47.2899 8.69406
3977.57 -4517.99
-291.578 -1256.83
==========================
-46.6448 8.40258
4011.97 -4556.71
-297.084 -1279.01
==========================
-45.9999 8.11068
4046.37 -4595.43
-302.589 -1301.19
==========================
-45.3552 7.81839
4080.77 -4634.15
-308.094 -1323.37
==========================
-44.7106 7.5257
4115.16 -4672.87
-313.6 -1345.55
==========================
-44.0659 7.23265
4149.53 -4711.59
-319.105 -1367.73
==========================
-43.4212 6.93922
4183.91 -4750.31
-324.611 -1389.91
==========================
-42.7765 6.64545
4218.28 -4789.03
-330.116 -1412.09
==========================
-42.1318 6.35134
4252.66 -4827.75
-335.621 -1434.27
==========================
-41.4875 6.05689
4287.03 -4866.47
-341.127 -1456.45
==========================
-40.8432 5.76213
4321.41 -4905.19
-346.632 -1478.63
==========================
-40.1989 5.46705
4355.78 -4943.91
-352.134 -1500.81
==========================
-39.5546 5.17167
4390.16 -4982.63
-357.636 -1522.99
==========================
-38.9103 4.876
4424.53 -5021.36
-363.139 -1545.17
==========================
-38.266 4.58004
4458.91 -5060.08
-368.641 -1567.35
==========================
-37.6217 4.28381
4493.28 -5098.8
-374.143 -1589.53
==========================
-36.9774 3.9873
4527.66 -5137.52
-379.646 -1611.71
==========================
-36.3335 3.69053
4562.03 -5176.24
-385.148 -1633.89
==========================
-35.6896 3.39351
4596.41 -5214.96
-390.65 -1656.07
38.315 550.685
==========================
-35.0454 3.0973
4630.78 -5253.68
-396.153 -1678.25
48.8147 540.183
==========================
-34.401 2.80318
4665.16 -5292.4
-401.655 -1700.43
59.3138 529.676
==========================
-33.7561 2.51122
4699.53 -5331.12
-407.157 -1722.6
69.812 519.166
==========================
-33.1108 2.22149
4733.91 -5369.84
-412.66 -1744.77
80.3093 508.65
==========================
-32.465 1.93408
4768.28 -5408.56
-418.162 -1766.94
90.8055 498.129
==========================
-31.8185 1.64904
4802.66 -5447.28
-423.664 -1789.11
101.301 487.603
==========================
-31.1714 1.36644
4837.03 -5486
-429.167 -1811.27
111.794 477.073
==========================
-30.5235 1.08634
4871.41 -5524.72
-434.669 -1833.44
122.286 466.537
==========================
-29.8748 0.808806
4905.78 -5563.45
-440.171 -1855.61
132.777 455.996
==========================
-29.225 0.533891
4940.16 -5602.17
-445.674 -1877.78
143.265 445.45
==========================
-28.5742 0.261644
4974.53 -5640.89
-451.176 -1899.95
153.752 434.898
==========================
-27.9223 -0.00788989
5008.91 -5679.61
-456.678 -1922.11
164.236 424.341
==========================
-27.269 -0.274674
5043.28 -5718.33
-462.181 -1944.28
174.718 413.778
==========================
-26.6143 -0.538677
5077.66 -5757.05
-467.683 -1966.45
185.197 403.209
==========================
-25.9581 -0.799878
5112.03 -5795.77
-473.185 -1988.62
195.673 392.635
==========================
-25.3002 -1.05826
5146.41 -5834.49
-478.688 -2010.78
206.146 382.056
==========================
-24.6406 -1.31383
5180.78 -5873.21
-484.19 -2032.95
216.616 371.471
==========================
-23.9791 -1.56658
5215.16 -5911.93
-489.689 -2055.12
227.082 360.88
==========================
-23.3156 -1.81653
5249.53 -5950.65
-495.188 -2077.29
237.545 350.283
==========================
-22.6499 -2.06371
5283.91 -5989.37
-500.687 -2099.46
248.003 339.681
==========================
-21.982 -2.30815
5318.28 -6028.09
-506.187 -2121.62
258.457 329.074
==========================
-21.3117 -2.54991
5352.66 -6066.81
-511.686 -2143.79
268.907 318.461
==========================
-20.639 -2.78904
5387.03 -6105.54
-517.185 -2165.96
279.352 307.843
==========================
-19.9636 -3.02562
5421.41 -6144.26
-522.685 -2188.13
289.792 297.22
==========================
-19.2856 -3.25971
5455.78 -6182.98
-528.184 -2210.3
300.227 286.592
==========================
-18.6049 -3.49141
5490.16 -6221.7
-533.683 -2232.46
310.657 275.959
==========================
-17.9213 -3.72081
5524.53 -6260.42
-539.182 -2254.63
321.082 265.321
==========================
-17.2348 -3.94802
5558.91 -6299.14
-544.682 -2276.8
331.501 254.679
==========================
-16.5454 -4.17314
5593.28 -6337.86
-550.181 -2298.97
341.915 244.033
==========================
-15.853 -4.39629
5627.66 -6376.58
-555.68 -2321.14
352.323 233.383
==========================
-15.1575 -4.61757
5662.03 -6415.3
-561.179 -2343.3
362.725 222.729
==========================
-14.459 -4.83712
5696.41 -6454.02
-566.679 -2365.47
373.122 212.072
==========================
-13.7573 -5.05505
5730.78 -6492.74
-572.178 -2387.64
383.513 201.411
==========================
-13.0527 -5.27148
5765.16 -6531.46
-577.677 -2409.81
393.898 190.747
==========================
-12.3449 -5.48654
5799.53 -6570.18
-583.176 -2431.98
404.277 180.08
==========================
-11.6341 -5.70033
5833.91 -6608.9
-588.676 -2454.14
414.651 169.411
==========================
-10.9203 -5.91297
5868.28 -6647.62
-594.175 -2476.31
425.019 158.739
==========================
-10.2034 -6.12458
5902.66 -6686.35
-599.674 -2498.48
435.382 148.065
==========================
-9.48363 -6.33526
5937.03 -6725.07
-605.174 -2520.65
445.739 137.389
==========================
-8.76092 -6.54512
5971.41 -6763.79
-610.673 -2542.82
456.09 126.711
==========================
-8.03535 -6.75425
6005.78 -6802.51
-616.172 -2564.98
466.436 116.031
==========================
-7.30696 -6.96275
6040.16 -6841.23
-621.671 -2587.15
476.777 105.35
==========================
-6.57583 -7.1707
6074.53 -6879.95
-627.171 -2609.32
487.113 94.6682
==========================
-5.84202 -7.37819
6108.91 -6918.67
-632.67 -2631.49
497.443 83.985
==========================
-5.10558 -7.5853
6143.28 -6957.39
-638.169 -2653.66
507.769 73.3006
==========================
-7.05147 13.4328
6177.66 -6996.11
-643.642 -2675.7
514.839 63.5005
-33.2484 214.667
==========================
-20.8834 125.015
6212.03 -7034.78
-649.034 -2697.35
511.71 56.5079
-33.2403 210.125
==========================
6246.36 -7073.44
-654.343 -2718.62
498.053 52.478
-33.233 205.609
==========================
6280.68 -7112.07
-659.571 -2739.5
473.401 51.6127
-33.2239 201.095
==========================
6314.96 -7150.66
-664.718 -2760
436.75 54.2841
-33.2125 196.581
==========================
6349.24 -7189.23
-669.785 -2780.13
386.261 61.1418
-33.1982 192.066
==========================
6383.46 -7227.77
-674.773 -2799.89
318.533 73.3797
-33.1806 187.55
==========================
6417.69 -7266.29
-679.682 -2819.28
226.363 93.5664
-33.1581 183.033
==========================
6451.87 -7304.77
-684.513 -2838.31
87.3293 130.147
-33.1262 178.511
==========================
6486.05 -7343.23
-689.266 -2856.98
-33.105 173.992
==========================
6520.19 -7381.66
-693.942 -2875.29
-33.0939 169.475
==========================
6554.32 -7420.07
-698.541 -2893.25
-33.0829 164.959
==========================
6588.41 -7458.44
-703.065 -2910.87
-33.0718 160.442
==========================
6622.5 -7496.8
-707.513 -2928.13
-33.0607 155.926
==========================
6656.55 -7535.13
-711.885 -2945.05
-33.0497 151.409
==========================
6690.58 -7573.43
-716.184 -2961.63
-33.0386 146.892
==========================
6724.6 -7611.71
-720.407 -2977.87
-33.0276 142.376
==========================
6758.58 -7649.95
-724.557 -2993.78
-33.0165 137.859
==========================
6792.56 -7688.19
-728.634 -3009.36
-33.0054 133.343
==========================
6826.5 -7726.38
-732.638 -3024.6
-32.9944 128.826
==========================
6860.43 -7764.57
-736.568 -3039.52
-32.9833 124.309
==========================
6894.33 -7802.72
-740.427 -3054.11
-32.9722 119.793
==========================
6928.21 -7840.85
-744.213 -3068.38
-32.9612 115.276
==========================
6962.08 -7878.95
-747.928 -3082.32
-32.9501 110.758
==========================
6995.92 -7917.04
-751.571 -3095.95
-32.9391 106.241
==========================
7029.75 -7955.1
-755.143 -3109.26
-32.928 101.724
==========================
7063.54 -7993.14
-758.644 -3122.26
-32.9169 97.2063
==========================
7097.33 -8031.15
-762.074 -3134.94
-32.9059 92.689
==========================
7131.09 -8069.14
-765.434 -3147.31
-32.8948 88.1716
==========================
7164.83 -8107.12
-768.723 -3159.37
-32.8837 83.6542
==========================
7198.56 -8145.06
-771.943 -3171.12
-32.8727 79.1369
==========================
7232.25 -8183
-775.092 -3182.56
-32.8616 74.6195
==========================
7265.95 -8220.89
-778.172 -3193.69
-32.8506 70.1021
==========================
7299.61 -8258.78
-781.183 -3204.53
-32.8395 65.5848
==========================
7333.25 -8296.67
-784.123 -3215.05
-32.827 61.0694
114.333 260.61
==========================
7366.9 -8334.5
-786.995 -3225.28
-32.8078 56.563
77.083 193.263
==========================
7400.49 -8372.29
-789.798 -3235.21
-32.7818 52.0635
==========================
7434.09 -8410.09
-792.531 -3244.83
-32.7646 47.5499
==========================
7467.67 -8447.88
-795.195 -3254.16
-32.7475 43.0364
==========================
7501.21 -8485.67
-797.791 -3263.19
-32.7303 38.5228
==========================
7534.76 -8523.38
-800.317 -3271.92
-32.7131 34.0093
==========================
7568.27 -8561.08
-802.775 -3280.35
-32.696 29.4955
==========================
7601.77 -8598.77
-805.164 -3288.49
-32.6788 24.9817
==========================
7635.27 -8636.47
-807.485 -3296.34
-32.6616 20.4678
==========================
7668.73 -8674.16
-809.737 -3303.89
-32.6449 15.9538
==========================
7702.17 -8711.77
-811.92 -3311.15
-32.6281 11.4398
==========================
7735.62 -8749.36
-814.034 -3318.11
-32.6113 6.92574
==========================
7769.02 -8786.96
-816.08 -3324.79
-32.5945 2.41161
==========================
7802.42 -8824.56
-818.057 -3331.17
-32.5777 -2.10259
==========================
7835.82 -8862.16
-819.966 -3337.26
-32.5609 -6.61684
==========================
7869.17 -8899.67
-821.805 -3343.06
-32.5441 -11.1311
==========================
7902.52 -8937.17
-823.576 -3348.57
-32.5274 -15.6455
==========================
7935.87 -8974.67
-825.278 -3353.79
-32.5106 -20.16
==========================
7969.17 -9012.17
-826.911 -3358.71
-32.4938 -24.6745
==========================
8002.47 -9049.67
-828.475 -3363.35
-32.477 -29.189
==========================
8035.77 -9087.13
-829.969 -3367.7
-32.4602 -33.7037
==========================
8069.02 -9124.53
-831.395 -3371.76
-32.4434 -38.2184
==========================
8102.27 -9161.93
-832.751 -3375.53
-32.4267 -42.7331
==========================
8135.52 -9199.33
-834.037 -3379.01
-32.4099 -47.2478
==========================
8168.73 -9236.74
-835.253 -3382.2
-32.3918 -51.7612
174.788 124.816
==========================
8201.94 -9274.14
-836.4 -3385.1
-32.3669 -56.2689
180.63 28.9089
==========================
8235.14 -9311.46
-837.477 -3387.7
-32.3295 -60.7721
124.059 -90.2733
==========================
8268.34 -9348.76
-838.483 -3390.02
-32.2671 -65.2847
-57.4508 -162.553
==========================
8301.54 -9386.07
-839.419 -3392.05
-32.2079 -69.8392
-223.364 -25.5633
==========================
8334.65 -9423.37
-840.283 -3393.79
-32.1702 -74.3972
-281.221 128.574
==========================
8367.75 -9460.67
-841.078 -3395.23
-32.1391 -78.9509
-306.759 261.016
==========================
8400.86 -9497.98
-841.8 -3396.38
-32.1105 -83.5017
-319.332 378.507
==========================
8433.96 -9535.18
-842.452 -3397.25
-32.0834 -88.0504
-325.146 485.557
==========================
8467.07 -9572.39
-843.031 -3397.81
-32.057 -92.5977
-326.892 584.86
==========================
8500.17 -9609.6
-843.539 -3398.09
-32.0312 -97.1438
-325.958 678.136
==========================
8533.24 -9646.8
-843.974 -3398.07
-32.0058 -101.689
-323.15 766.55
==========================
8566.25 -9684.01
-844.337 -3397.75
-31.9807 -106.233
-318.971 850.936
==========================
8599.26 -9721.22
-844.626 -3397.14
-31.9557 -110.777
-313.756 931.911
==========================
8632.26 -9758.34
-844.843 -3396.23
-31.931 -115.321
-307.738 1009.95
==========================
8665.27 -9795.45
-844.985 -3395.03
-31.9064 -119.864
-301.085 1085.42
==========================
8698.28 -9832.55
-845.054 -3393.53
-31.8819 -124.406
-293.922 1158.63
==========================
8731.29 -9869.66
-845.048 -3391.72
-31.8575 -128.948
-286.342 1229.82
==========================
8764.26 -9906.77
-844.967 -3389.62
-31.8332 -133.49
-278.418 1299.19
==========================
8797.17 -9943.88
-844.811 -3387.22
-31.809 -138.031
-270.209 1366.92
==========================
8830.08 -9980.94
-844.579 -3384.51
-31.7847 -142.573
-261.76 1433.14
==========================
8862.99 -10018
-844.271 -3381.5
-31.7606 -147.114
-253.108 1497.99
==========================
8895.9 -10055
-843.887 -3378.18
-31.7365 -151.655
-244.285 1561.57
==========================
8928.81 -10092
-843.425 -3374.56
-31.7125 -156.196
-235.315 1623.97
==========================
8961.72 -10129
-842.885 -3370.62
-31.6885 -160.737
-226.219 1685.29
==========================
8994.63 -10166
-842.268 -3366.38
-31.6644 -165.278
-217.015 1745.58
==========================
9027.44 -10203
-841.571 -3361.83
-31.6405 -169.819
-207.719 1804.93
==========================
9060.26 -10239.9
-840.795 -3356.97
-31.6166 -174.359
-198.342 1863.39
==========================
9093.07 -10276.9
-839.939 -3351.79
-31.5928 -178.898
-188.896 1921
==========================
9125.88 -10313.8
-839.003 -3346.29
-31.569 -183.438
-179.39 1977.83
==========================
9158.69 -10350.7
-837.985 -3340.48
-31.5451 -187.977
-169.833 2033.91
==========================
9191.51 -10387.6
-836.886 -3334.34
-31.5213 -192.517
-160.231 2089.28
==========================
9224.32 -10424.5
-835.703 -3327.89
-31.4974 -197.056
-150.591 2143.97
==========================
9257.1 -10461.4
-834.438 -3321.1
-31.4736 -201.596
-140.918 2198.03
==========================
9289.82 -10498.3
-833.088 -3314
-31.4498 -206.135
-131.217 2251.48
==========================
9322.53 -10535.1
-831.654 -3306.56
-31.4262 -210.675
-121.493 2304.35
==========================
9355.25 -10571.9
-830.134 -3298.79
-31.4025 -215.214
-111.748 2356.66
==========================
9387.96 -10608.7
-828.527 -3290.69
-31.3789 -219.754
-101.987 2408.45
==========================
9420.68 -10645.5
-826.833 -3282.25
-31.3552 -224.293
-92.2113 2459.72
==========================
9453.39 -10682.3
-825.051 -3273.47
-31.3316 -228.833
-82.4248 2510.51
==========================
9486.11 -10719.2
-823.18 -3264.35
-31.3079 -233.372
-72.6293 2560.83
==========================
9518.81 -10755.9
-821.218 -3254.89
-31.2843 -237.911
-62.8271 2610.7
==========================
9551.43 -10792.7
-819.166 -3245.08
-31.2606 -242.451
-53.02 2660.14
==========================
9584.05 -10829.4
-817.021 -3234.91
-31.2369 -246.99
-43.2096 2709.16
==========================
9616.66 -10866.1
-814.783 -3224.4
-31.2128 -251.529
-33.3974 2757.78
174.101 14.7192
==========================
9649.28 -10902.8
-812.451 -3213.52
-31.1851 -256.063
-23.5849 2806.01
216.475 -73.003
==========================
9681.9 -10939.5
-810.023 -3202.28
-31.1516 -260.593
-13.7732 2853.87
229.708 -182.552
==========================
9714.51 -10976.3
-807.499 -3190.68
-31.1093 -265.119
-3.96343 2901.36
198.693 -305.383
==========================
9747.13 -11013
-804.876 -3178.7
-31.0548 -269.648
5.84345 2948.51
106.925 -417.329
==========================
9779.75 -11049.6
-802.155 -3166.36
-30.9893 -274.188
15.6465 2995.31
-39.9686 -472.166
==========================
9812.31 -11086.3
-799.332 -3153.64
-30.9233 -278.745
25.445 3041.79
-189.743 -444.013
==========================
9844.83 -11122.9
-796.408 -3140.53
-30.8655 -283.313
35.2381 3087.95
-298.776 -363.608
==========================
9877.35 -11159.5
-793.38 -3127.04
-30.8163 -287.884
45.0252 3133.8
-364.83 -266.68
==========================
9909.87 -11196.1
-790.247 -3113.16
-30.7735 -292.456
54.8058 3179.35
-398.632 -170.214
==========================
9942.39 -11232.7
-787.008 -3098.88
-30.7353 -297.025
64.5792 3224.61
-409.491 -80.5443
==========================
9974.91 -11269.4
-783.66 -3084.2
-30.7005 -301.593
74.345 3269.59
-403.822 0.187283
==========================
10007.4 -11306
-780.203 -3069.11
-30.6681 -306.159
84.1028 3314.29
-385.96 71.4114
==========================
10040 -11342.6
-776.634 -3053.62
-30.6376 -310.723
93.8521 3358.73
-358.915 133.15
==========================
10072.5 -11379.1
-772.951 -3037.7
-30.6084 -315.285
103.593 3402.9
-324.858 185.636
==========================
10104.9 -11415.6
-769.152 -3021.36
-30.5804 -319.845
113.324 3446.82
-285.411 229.153
==========================
10137.4 -11452.1
-765.236 -3004.59
-30.5532 -324.404
123.046 3490.5
-241.836 263.978
==========================
10169.8 -11488.7
-761.2 -2987.38
-30.5267 -328.961
132.759 3533.93
-195.151 290.351
==========================
10202.2 -11525.2
-757.043 -2969.73
-30.5006 -333.517
142.461 3577.13
-146.208 308.468
==========================
10234.6 -11561.7
-752.761 -2951.63
-30.4749 -338.07
152.154 3620.1
-95.7473 318.473
==========================
10267.1 -11598.2
-748.352 -2933.07
-30.4494 -342.623
161.836 3662.85
-44.4393 320.465
==========================
10299.5 -11634.7
-743.814 -2914.05
-30.4238 -347.173
171.508 3705.38
7.08394 314.493
==========================
10331.9 -11671.2
-739.144 -2894.55
-30.3982 -351.723
181.169 3747.69
58.2014 300.56
==========================
10364.3 -11707.6
-734.34 -2874.56
-30.3725 -356.27
190.819 3789.8
108.277 278.621
==========================
10396.7 -11744
-729.398 -2854.09
-30.3465 -360.817
200.459 3831.71
156.63 248.587
==========================
10429.1 -11780.5
-724.315 -2833.11
-30.3199 -365.361
210.087 3873.41
202.506 210.323
==========================
10461.4 -11816.9
-719.088 -2811.61
-30.2928 -369.904
219.705 3914.93
245.035 163.653
==========================
10493.7 -11853.3
-713.713 -2789.6
-30.2648 -374.445
229.312 3956.25
283.174 108.368
==========================
10526 -11889.7
-708.188 -2767.05
-30.2356 -378.985
238.907 3997.38
315.639 44.2373
==========================
10558.4 -11926.2
-702.507 -2743.96
-30.2051 -383.523
248.492 4038.34
340.783 -28.9466
==========================
10590.7 -11962.6
-696.668 -2720.31
-30.1726 -388.059
258.065 4079.11
356.439 -111.293
==========================
10623 -11999
-690.665 -2696.08
-30.1378 -392.594
267.627 4119.71
359.663 -202.631
==========================
10655.3 -12035.3
-684.494 -2671.27
-30.0996 -397.126
277.178 4160.14
346.371 -302.105
==========================
10687.7 -12071.6
-678.151 -2645.86
-30.057 -401.658
286.717 4200.4
310.896 -407.249
==========================
10720 -12107.9
-671.63 -2619.84
-30.0086 -406.19
296.245 4240.5
245.891 -511.942
==========================
10752.2 -12144.3
-664.926 -2593.18
-29.9529 -410.725
305.762 4280.44
144.534 -602.73
==========================
10784.5 -12180.6
-658.033 -2565.88
-29.8905 -415.267
315.267 4320.22
9.39797 -657.159
==========================
10816.7 -12216.9
-650.945 -2537.9
-29.826 -419.82
324.761 4359.84
-136.916 -657.319
==========================
10848.9 -12253.3
-643.655 -2509.24
-29.7649 -424.383
334.244 4399.31
-265.656 -610.086
==========================
10881.1 -12289.6
-636.157 -2479.87
-29.7098 -428.951
343.716 4438.63
-365.128 -536.57
==========================
10913.4 -12325.9
-628.441 -2449.76
-29.6601 -433.522
353.176 4477.81
-437.504 -452.894
==========================
10945.6 -12362.1
-620.501 -2418.9
-29.6147 -438.093
362.625 4516.83
-488.393 -367.462
==========================
10977.8 -12398.4
-612.327 -2387.25
-29.5727 -442.665
372.063 4555.72
-522.786 -284.155
==========================
11010 -12434.6
-603.91 -2354.79
-29.5333 -447.234
381.49 4594.47
-544.437 -204.686
==========================
11042.3 -12470.8
-595.24 -2321.49
-29.4959 -451.802
390.906 4633.09
-556.077 -129.758
==========================
11074.5 -12507.1
-586.304 -2287.32
-29.4601 -456.371
400.31 4671.57
-559.708 -59.6013
==========================
11106.6 -12543.3
-577.091 -2252.23
-29.4258 -460.939
409.704 4709.91
-556.822 5.77559
==========================
11138.8 -12579.5
-567.587 -2216.19
-29.3925 -465.505
419.086 4748.13
-548.554 66.4678
==========================
11170.9 -12615.7
-557.778 -2179.15
-29.3602 -470.071
428.458 4786.22
-535.787 122.614
==========================
11203 -12652
-547.646 -2141.07
-29.3288 -474.636
437.819 4824.18
-519.219 174.369
==========================
11235.1 -12688.2
-537.175 -2101.9
-29.298 -479.202
447.168 4862.02
-499.415 221.885
==========================
11267.3 -12724.3
-526.343 -2061.58
-29.2679 -483.766
456.507 4899.74
-476.837 265.308
==========================
11299.4 -12760.5
-515.128 -2020.04
-29.2383 -488.329
465.835 4937.34
-451.868 304.773
==========================
11331.5 -12796.6
-503.504 -1977.21
-29.2092 -492.891
475.153 4974.82
-424.835 340.402
==========================
11363.7 -12832.7
-491.444 -1933.02
-29.1806 -497.454
484.459 5012.19
-396.014 372.304
==========================
11395.8 -12868.9
-478.914 -1887.36
-29.1523 -502.016
493.756 5049.44
-365.647 400.579
==========================
11427.9 -12905
-465.877 -1840.14
-29.1244 -506.578
503.041 5086.58
-333.945 425.31
==========================
11460 -12941.1
-452.29 -1791.24
-29.0969 -511.141
512.316 5123.61
-301.096 446.574
==========================
11492 -12977.3
-438.101 -1740.52
-29.0696 -515.701
521.581 5160.53
-267.269 464.434
==========================
11524 -13013.4
-423.251 -1687.82
-29.0427 -520.26
530.835 5197.34
-232.616 478.946
==========================
11556.1 -13049.5
-407.668 -1632.95
-29.016 -524.819
540.079 5234.05
-197.281 490.154
==========================
11588.1 -13085.7
-391.265 -1575.68
-28.9896 -529.379
549.312 5270.65
-161.394 498.095
==========================
11620.1 -13121.7
-373.934 -1515.72
-28.9635 -533.938
558.535 5307.15
-125.081 502.799
==========================
11652.2 -13157.7
-355.539 -1452.73
-28.9376 -538.497
567.748 5343.55
-88.461 504.284
==========================
11684.2 -13193.8
-335.905 -1386.28
-28.9121 -543.057
576.951 5379.85
-51.649 502.564
==========================
11716.2 -13229.8
-314.796 -1315.77
-28.8868 -547.616
586.144 5416.05
-14.7589 497.642
==========================
11748.3 -13265.8
-291.886 -1240.41
-28.8619 -552.175
595.327 5452.16
22.0962 489.516
==========================
11780.3 -13301.9
-266.695 -1159.09
-28.8374 -556.734
604.5 5488.16
58.8024 478.175
==========================
11812.3 -13337.9
-238.464 -1070.06
-28.8134 -561.294
613.664 5524.08
95.2432 463.602
==========================
11844.3 -13373.9
-205.853 -970.42
-28.7903 -565.86
622.816 5559.9
131.298 445.768
==========================
11876.2 -13410
-165.99 -854.288
-28.7685 -570.425
631.96 5595.62
166.84 424.639
==========================
11908.2 -13446
-109.455 -704.564
-28.7499 -574.997
641.094 5631.26
201.735 400.172
==========================
11940.1 -13482
-28.7297 -579.558
650.218 5666.81
235.838 372.314
==========================
11972 -13518
-28.7043 -584.105
659.333 5702.27
268.991 341.004
==========================
12004 -13553.9
-28.6786 -588.652
668.437 5737.64
301.02 306.17
==========================
12035.9 -13589.9
-28.6527 -593.195
677.533 5772.93
331.732 267.728
==========================
12067.8 -13625.8
-28.6265 -597.736
686.619 5808.13
360.906 225.585
==========================
12099.8 -13661.8
-28.5999 -602.277
695.696 5843.25
388.292 179.633
==========================
12131.7 -13697.7
-28.5729 -606.818
704.763 5878.28
413.599 129.754
==========================
12163.6 -13733.6
-28.5454 -611.359
713.822 5913.24
436.486 75.8173
==========================
12195.6 -13769.6
-28.5173 -615.9
722.871 5948.11
456.549 17.6783
==========================
12227.5 -13805.5
-28.4886 -620.441
731.911 5982.9
473.3 -44.8163
==========================
12259.4 -13841.4
-28.4591 -624.981
740.941 6017.62
486.142 -111.825
==========================
12291.2 -13877.4
-28.4287 -629.515
749.963 6052.25
494.336 -183.503
==========================
12323 -13913.3
-28.3971 -634.05
758.976 6086.81
496.944 -259.98
==========================
12354.9 -13949.2
-28.3642 -638.585
767.98 6121.3
492.766 -341.329
==========================
12386.7 -13985
-28.3296 -643.12
776.975 6155.7
480.229 -427.487
==========================
12418.5 -14020.9
-28.2929 -647.655
785.962 6190.04
457.247 -518.121
==========================
12450.4 -14056.7
-28.2536 -652.19
794.939 6224.3
421.031 -612.336
==========================
12482.2 -14092.6
-28.2108 -656.725
803.908 6258.49
367.905 -708.102
==========================
12514 -14128.4
-28.1638 -661.26
812.868 6292.6
293.373 -801.143
==========================
12545.9 -14164.2
-28.1117 -665.795
821.82 6326.65
193.302 -883.152
==========================
12577.7 -14200.1
-28.0546 -670.335
830.763 6360.62
67.9301 -940.721
==========================
12609.6 -14235.9
-27.9944 -674.882
839.698 6394.53
-72.0781 -960.115
==========================
12641.4 -14271.8
-27.9352 -679.438
848.624 6428.36
-207.738 -938.816
==========================
12673.2 -14307.6
-27.8797 -684
857.542 6462.13
-324.995 -887.607
==========================
12705 -14343.4
-27.8285 -688.565
866.452 6495.84
-420.364 -819.836
==========================
12736.7 -14379.3
-27.7812 -693.13
875.353 6529.47
-496.149 -744.726
==========================
12768.4 -14415.1
-27.7371 -697.696
884.246 6563.04
-555.946 -667.426
==========================
12800.2 -14450.8
-27.6956 -702.261
893.131 6596.55
-602.977 -590.603
==========================
12831.9 -14486.6
-27.6561 -706.827
902.008 6629.99
-639.782 -515.601
==========================
12863.7 -14522.3
-27.6183 -711.392
910.877 6663.36
-668.297 -443.078
==========================
12895.4 -14558
-27.5818 -715.958
919.738 6696.68
-689.994 -373.33
==========================
12927.1 -14593.8
-27.5464 -720.523
928.591 6729.93
-706.004 -306.465
==========================
12958.9 -14629.5
-27.5121 -725.088
937.436 6763.12
-717.209 -242.484
==========================
12990.6 -14665.3
-27.4785 -729.654
946.273 6796.25
-724.307 -181.34
==========================
13022.3 -14701
-27.4456 -734.219
955.102 6829.32
-727.86 -122.956
==========================
13054.1 -14736.7
-27.4134 -738.782
963.924 6862.33
-728.321 -67.2424
==========================
13085.8 -14772.5
-27.3817 -743.341
972.738 6895.28
-726.069 -14.1069
==========================
13117.6 -14808.2
-27.3505 -747.901
981.544 6928.17
-721.416 36.5425
==========================
13149.3 -14844
-27.3196 -752.46
990.342 6961
-714.626 84.7945
==========================
13180.9 -14879.7
-27.2892 -757.019
999.133 6993.78
-705.925 130.733
==========================
13212.5 -14915.4
-27.2591 -761.578
1007.92 7026.5
-695.504 174.438
==========================
13244.2 -14951
-27.2294 -766.138
1016.69 7059.16
-683.533 215.982
==========================
13275.8 -14986.7
-27.1999 -770.697
1025.46 7091.77
-670.155 255.435
==========================
13307.5 -15022.3
-27.1706 -775.256
1034.22 7124.32
-655.499 292.858
==========================
13339.1 -15058
-27.1416 -779.816
1042.98 7156.82
-639.677 328.312
==========================
13370.7 -15093.6
-27.1128 -784.375
1051.72 7189.26
-622.792 361.85
==========================
13402.4 -15129.2
-27.0842 -788.934
1060.46 7221.65
-604.931 393.522
==========================
13434 -15164.9
-27.0557 -793.494
1069.19 7253.99
-586.176 423.374
==========================
13465.7 -15200.5
-27.0275 -798.053
1077.92 7286.27
-566.6 451.448
==========================
13497.3 -15236.2
-26.9994 -802.611
1086.64 7318.51
-546.27 477.784
==========================
13528.9 -15271.8
-26.9713 -807.164
1095.35 7350.69
-525.246 502.417
==========================
13560.6 -15307.5
-26.9435 -811.718
1104.05 7382.82
-503.583 525.381
==========================
13592.2 -15343.1
-26.9157 -816.271
1112.75 7414.89
-481.332 546.706
==========================
13623.9 -15378.8
-26.8881 -820.824
1121.44 7446.92
-458.541 566.419
==========================
13655.4 -15414.4
-26.8606 -825.377
1130.12 7478.9
-435.254 584.546
==========================
13687 -15450
-26.8331 -829.93
1138.8 7510.83
-411.512 601.11
==========================
13718.5 -15485.5
-26.8057 -834.484
1147.46 7542.71
-387.352 616.132
==========================
13750.1 -15521
-26.7784 -839.037
1156.13 7574.54
-362.812 629.632
==========================
13781.6 -15556.6
-26.7511 -843.59
1164.78 7606.32
-337.925 641.627
==========================
13813.2 -15592.1
-26.724 -848.143
1173.43 7638.06
-312.724 652.132
==========================
13844.7 -15627.7
-26.6969 -852.697
1182.07 7669.75
-287.239 661.161
==========================
13876.2 -15663.2
-26.6698 -857.25
1190.71 7701.39
-261.5 668.727
==========================
13907.8 -15698.8
-26.6427 -861.803
1199.34 7732.98
-235.536 674.84
==========================
13939.3 -15734.3
-26.6157 -866.356
1207.96 7764.53
-209.373 679.51
==========================
13970.9 -15769.9
-26.5888 -870.909
1216.58 7796.03
-183.039 682.744
==========================
14002.4 -15805.4
-26.5619 -875.463
1225.18 7827.49
-156.559 684.548
==========================
14034 -15841
-26.535 -880.016
1233.79 7858.9
-129.958 684.928
==========================
14065.5 -15876.5
-26.5081 -884.569
1242.38 7890.27
-103.262 683.887
==========================
14097 -15912.1
-26.4812 -889.122
1250.98 7921.59
-76.4942 681.428
==========================
14128.6 -15947.6
-26.4543 -893.671
1259.56 7952.87
-49.6796 677.551
==========================
14160.1 -15983.1
-26.4274 -898.218
1268.14 7984.11
-22.8422 672.256
==========================
14191.6 -16018.6
-26.4005 -902.765
1276.71 8015.31
3.99378 665.542
==========================
14223 -16054
-26.3736 -907.312
1285.27 8046.46
30.804 657.405
==========================
14254.5 -16089.5
-26.3467 -911.86
1293.83 8077.57
57.5639 647.84
==========================
14285.9 -16124.9
-26.3199 -916.407
1302.38 8108.63
84.2485 636.843
==========================
14317.4 -16160.4
-26.293 -920.954
1310.93 8139.66
110.833 624.406
==========================
14348.8 -16195.8
-26.2661 -925.501
1319.47 8170.64
137.29 610.52
==========================
14380.3 -16231.3
-26.239 -930.048
1328 8201.6
163.594 595.175
==========================
14411.7 -16266.7
-26.2119 -934.595
1336.53 8232.49
189.716 578.361
==========================
14443.2 -16302.2
-26.1848 -939.142
1345.05 8263.35
215.63 560.063
==========================
14474.6 -16337.6
-26.1577 -943.689
1353.57 8294.19
241.303 540.267
==========================
14506 -16373.1
-26.1305 -948.237
1362.08 8324.95
266.705 518.956
==========================
14537.5 -16408.5
-26.1033 -952.784
1370.58 8355.72
291.804 496.113
==========================
14568.9 -16443.8
-26.076 -957.331
1379.08 8386.41
316.564 471.717
==========================
14600.4 -16479.2
-26.0485 -961.878
1387.58 8417.07
340.949 445.746
==========================
14631.8 -16514.5
-26.0211 -966.425
1396.06 8447.71
364.919 418.175
==========================
14663.3 -16549.9
-25.9935 -970.972
1404.54 8478.28
388.433 388.977
==========================
14694.7 -16585.2
-25.9658 -975.519
1413.02 8508.85
411.444 358.125
==========================
14726.2 -16620.6
-25.938 -980.065
1421.49 8539.35
433.905 325.586
==========================
14757.5 -16655.9
-25.9101 -984.606
1429.95 8569.82
455.763 291.326
==========================
14788.9 -16691.3
-25.882 -989.147
1438.41 8600.29
476.96 255.307
==========================
14820.2 -16726.6
-25.8538 -993.688
1446.86 8630.66
497.433 217.488
==========================
14851.6 -16762
-25.8255 -998.229
1455.31 8661.03
517.113 177.827
==========================
14882.9 -16797.3
-25.7969 -1002.77
1463.75 8691.37
535.924 136.274
==========================
14914.3 -16832.7
-25.7682 -1007.31
1472.19 8721.64
553.781 92.7773
==========================
14945.6 -16868
-25.7393 -1011.85
1480.62 8751.92
570.588 47.281
==========================
14977 -16903.4
-25.7101 -1016.39
1489.04 8782.13
586.24 -0.276236
==========================
15008.3 -16938.7
-25.6807 -1020.93
1497.46 8812.31
600.616 -49.9608
==========================
15039.7 -16974.1
-25.651 -1025.47
1505.87 8842.48
613.579 -101.844
==========================
15071 -17009.4
-25.6209 -1030.02
1514.29 8872.58
624.974 -156.005
==========================
15102.4 -17044.8
-25.5905 -1034.56
1522.69 8902.66
634.619 -212.525
==========================
15133.7 -17080.1
-25.5598 -1039.1
1531.09 8932.74
642.306 -271.495
==========================
15165.1 -17115.5
-25.5285 -1043.64
1539.48 8962.72
647.789 -333.01
==========================
15196.4 -17150.8
-25.4968 -1048.18
1547.86 8992.7
650.778 -397.169
==========================
15227.8 -17186.2
-25.4645 -1052.72
1556.25 9022.68
650.926 -464.077
==========================
15259.1 -17221.5
-25.4316 -1057.26
1564.62 9052.56
647.816 -533.836
==========================
15290.5 -17256.9
-25.3979 -1061.8
1573 9082.44
640.936 -606.542
==========================
15321.8 -17292.2
-25.3633 -1066.34
1581.36 9112.31
629.657 -682.273
==========================
15353.1 -17327.6
-25.3277 -1070.88
1589.72 9142.1
613.186 -761.069
==========================
15384.4 -17363
-25.2908 -1075.41
1598.08 9171.88
590.522 -842.896
==========================
15415.6 -17398.3
-25.2525 -1079.93
1606.43 9201.66
560.375 -927.576
==========================
15446.9 -17433.7
-25.2123 -1084.46
1614.78 9231.35
521.072 -1014.67
==========================
15478.1 -17469
-25.1698 -1088.99
1623.12 9261.04
470.451 -1103.25
==========================
15509.4 -17504.4
-25.1246 -1093.52
1631.46 9290.73
405.777 -1191.47
==========================
15540.6 -17539.7
-25.0759 -1098.05
1639.79 9320.32
323.882 -1275.83
==========================
15571.9 -17575
-25.0232 -1102.59
1648.11 9349.91
222.023 -1350.11
==========================
15603.1 -17610.2
-24.9665 -1107.13
1656.44 9379.5
100.331 -1404.83
==========================
15634.4 -17645.3
-24.9072 -1111.67
1664.75 9409.01
-34.5488 -1429.85
==========================
15665.6 -17680.5
-24.8478 -1116.23
1673.06 9438.5
-169.616 -1421.17
==========================
15696.9 -17715.7
-24.7908 -1120.78
1681.37 9467.99
-292.853 -1384.35
==========================
15728.1 -17750.8
-24.7373 -1125.35
1689.67 9497.42
-399.004 -1329.22
==========================
15759.4 -17786
-24.6871 -1129.91
1697.97 9526.82
-488.235 -1264.1
==========================
15790.6 -17821.1
-24.6398 -1134.48
1706.26 9556.21
-562.832 -1194.31
==========================
15821.9 -17856.3
-24.595 -1139.04
1714.55 9585.58
-625.343 -1122.92
==========================
15853.1 -17891.4
-24.5521 -1143.61
1722.83 9614.87
-677.976 -1051.65
==========================
15884.4 -17926.6
-24.5108 -1148.17
1731.11 9644.17
-722.496 -981.408
==========================
15915.6 -17961.7
-24.4709 -1152.74
1739.38 9673.47
-760.288 -912.705
==========================
15946.9 -17996.9
-24.4321 -1157.3
1747.65 9702.67
-792.431 -845.791
==========================
15978.1 -18032.1
-24.3943 -1161.87
1755.91 9731.87
-819.78 -780.782
==========================
16009.4 -18067.2
-24.3573 -1166.44
1764.17 9761.07
-843.013 -717.714
==========================
16040.5 -18102.4
-24.321 -1171
1772.42 9790.22
-862.677 -656.578
==========================
16071.7 -18137.5
-24.2853 -1175.57
1780.68 9819.32
-879.22 -597.336
==========================
16102.8 -18172.7
-24.2502 -1180.13
1788.92 9848.42
-893.01 -539.939
==========================
16134 -18207.8
-24.2155 -1184.7
1797.16 9877.52
-904.354 -484.33
==========================
16165.1 -18243
-24.1813 -1189.26
1805.4 9906.52
-913.511 -430.45
==========================
16196.3 -18278.2
-24.1475 -1193.83
1813.63 9935.53
-920.702 -378.237
==========================
16227.4 -18313.3
-24.1141 -1198.39
1821.86 9964.53
-926.114 -327.632
==========================
16258.6 -18348.5
-24.0809 -1202.96
1830.08 9993.49
-929.91 -278.58
==========================
16289.8 -18383.6
-24.0481 -1207.52
1838.3 10022.4
-932.232 -231.024
==========================
16320.9 -18418.8
-24.0155 -1212.09
1846.51 10051.3
-933.203 -184.915
==========================
16352.1 -18453.9
-23.9832 -1216.65
1854.72 10080.2
-932.931 -140.203
==========================
16383.2 -18489.1
-23.9511 -1221.2
1862.93 10109
-931.514 -96.8418
==========================
16414.3 -18524.2
-23.9192 -1225.76
1871.13 10137.9
-929.036 -54.7894
==========================
16445.3 -18559.4
-23.8875 -1230.31
1879.32 10166.7
-925.575 -14.0051
==========================
16476.4 -18594.6
-23.8559 -1234.86
1887.52 10195.5
-921.199 25.5492
==========================
16507.4 -18629.7
-23.8246 -1239.42
1895.71 10224.2
-915.969 63.9092
==========================
16538.5 -18664.9
-23.7934 -1243.97
1903.89 10252.9
-909.942 101.108
==========================
16569.5 -18700
-23.7624 -1248.52
1912.07 10281.6
-903.169 137.178
==========================
16600.6 -18735.2
-23.7315 -1253.07
1920.24 10310.3
-895.695 172.147
==========================
16631.7 -18770.3
-23.7007 -1257.63
1928.41 10338.9
-887.564 206.045
==========================
16662.7 -18805.5
-23.67 -1262.18
1936.58 10367.5
-878.812 238.896
==========================
16693.8 -18840.7
-23.6395 -1266.73
1944.75 10396.1
-869.478 270.726
==========================
16724.8 -18875.8
-23.6091 -1271.29
1952.9 10424.7
-859.593 301.558
==========================
16755.9 -18911
-23.5787 -1275.84
1961.05 10453.2
-849.187 331.414
==========================
16786.9 -18946.1
-23.5485 -1280.39
1969.21 10481.8
-838.289 360.313
==========================
16818 -18981.3
-23.5184 -1284.95
1977.35 10510.3
-826.925 388.277
==========================
16849 -19016.4
-23.4883 -1289.5
1985.49 10538.8
-815.12 415.323
==========================
16880.1 -19051.6
-23.4583 -1294.05
1993.63 10567.2
-802.895 441.469
==========================
16911.1 -19086.7
-23.4284 -1298.61
2001.76 10595.6
-790.272 466.731
==========================
16942.2 -19121.6
-23.3986 -1303.16
2009.89 10624
-777.271 491.125
==========================
16973.3 -19156.6
-23.3689 -1307.71
2018.02 10652.4
-763.91 514.666
==========================
17004.3 -19191.5
-23.3392 -1312.27
2026.14 10680.8
-750.207 537.367
==========================
17035.4 -19226.5
-23.3096 -1316.82
2034.26 10709.1
-736.179 559.241
==========================
17066.4 -19261.5
-23.28 -1321.37
2042.37 10737.4
-721.84 580.302
==========================
17097.5 -19296.4
-23.2505 -1325.93
2050.48 10765.7
-707.207 600.562
==========================
17128.5 -19331.4
-23.2211 -1330.48
2058.59 10793.9
-692.292 620.031
==========================
17159.6 -19366.4
-23.1917 -1335.03
2066.69 10822.2
-677.109 638.72
==========================
17190.6 -19401.3
-23.1623 -1339.59
2074.8 10850.4
-661.67 656.639
==========================
17221.7 -19436.3
-23.133 -1344.14
2082.89 10878.6
-645.987 673.799
==========================
17252.7 -19471.2
-23.1038 -1348.69
2090.98 10906.8
-630.072 690.207
==========================
17283.8 -19506.2
-23.0746 -1353.25
2099.06 10934.9
-613.935 705.874
==========================
17314.9 -19541.2
-23.0454 -1357.8
2107.14 10963
-597.587 720.806
==========================
17345.9 -19576.1
-23.0162 -1362.35
2115.22 10991.2
-581.038 735.012
==========================
17377 -19611.1
-22.9871 -1366.91
2123.3 11019.3
-564.296 748.499
==========================
17408 -19646
-22.9581 -1371.46
2131.38 11047.3
-547.372 761.273
==========================
17439.1 -19681
-22.9291 -1376.01
2139.44 11075.3
-530.274 773.343
==========================
17470.1 -19716
-22.9001 -1380.57
2147.5 11103.3
-513.011 784.713
==========================
17501.2 -19750.9
-22.8712 -1385.12
2155.55 11131.4
-495.59 795.39
==========================
17532.2 -19785.9
-22.8422 -1389.67
2163.61 11159.3
-478.019 805.379
==========================
17563.3 -19820.8
-22.8132 -1394.22
2171.67 11187.3
-460.306 814.685
==========================
17594.3 -19855.8
-22.7844 -1398.78
2179.72 11215.2
-442.459 823.313
==========================
17625.4 -19890.8
-22.7556 -1403.33
2187.77 11243.1
-424.484 831.269
==========================
17656.5 -19925.7
-22.7268 -1407.88
2195.8 11271.1
-406.388 838.555
==========================
17687.5 -19960.7
-22.698 -1412.44
2203.84 11298.9
-388.178 845.176
==========================
17718.6 -19995.6
-22.6692 -1416.99
2211.87 11326.7
-369.86 851.136
==========================
17749.6 -20030.6
-22.6404 -1421.54
2219.9 11354.5
-351.442 856.439
==========================
17780.7 -20065.6
-22.6116 -1426.1
2227.93 11382.4
-332.928 861.087
==========================
17811.7 -20100.5
-22.5828 -1430.65
2235.96 11410.2
-314.326 865.083
==========================
17842.8 -20135.5
-22.554 -1435.2
2243.98 11437.9
-295.641 868.431
==========================
17873.8 -20170.5
-22.5252 -1439.76
2251.99 11465.7
-276.879 871.132
==========================
17904.9 -20205.4
-22.4966 -1444.31
2260 11493.4
-258.045 873.189
==========================
17935.8 -20240.4
-22.4679 -1448.86
2268.01 11521.1
-239.146 874.604
==========================
17966.6 -20275.3
-22.4393 -1453.42
2276.01 11548.8
-220.187 875.379
==========================
17997.5 -20310.3
-22.4107 -1457.97
2284.02 11576.5
-201.173 875.515
==========================
18028.3 -20345.3
-22.3821 -1462.52
2292.03 11604.1
-182.11 875.013
==========================
18059.2 -20380.2
-22.3535 -1467.08
2300.02 11631.7
-163.002 873.874
==========================
18090.1 -20415.2
-22.3249 -1471.63
2308 11659.4
-143.857 872.1
==========================
18120.9 -20450.1
-22.2963 -1476.18
2315.99 11687
-124.678 869.691
==========================
18151.8 -20485.1
-22.2677 -1480.74
2323.97 11714.5
-105.471 866.648
==========================
18182.6 -20520.1
-22.2391 -1485.29
2331.96 11742
-86.2406 862.97
==========================
18213.5 -20555
-22.2104 -1489.84
2339.94 11769.6
-66.993 858.658
==========================
18244.4 -20590
-22.1818 -1494.4
2347.92 11797.1
-47.7328 853.711
==========================
18275.2 -20624.9
-22.1532 -1498.95
2355.89 11824.6
-28.4654 848.129
==========================
18306.1 -20659.9
-22.1246 -1503.5
2363.85 11852.1
-9.19582 841.912
==========================
18336.9 -20694.9
-22.096 -1508.06
2371.81 11879.5
10.0706 835.058
==========================
18367.8 -20729.8
-22.0674 -1512.61
2379.77 11906.9
29.3287 827.567
==========================
18398.7 -20764.8
-22.0388 -1517.16
2387.73 11934.4
48.5731 819.437
==========================
18429.5 -20799.8
-22.0102 -1521.72
2395.69 11961.8
67.7986 810.666
==========================
18460.4 -20834.7
-21.9816 -1526.27
2403.65 11989.2
86.9997 801.254
==========================
18491.2 -20869.5
-21.953 -1530.82
2411.6 12016.5
106.171 791.197
==========================
18522.1 -20904.2
-21.9243 -1535.37
2419.54 12043.9
125.307 780.494
==========================
18553 -20939
-21.8957 -1539.93
2427.47 12071.2
144.403 769.142
==========================
18583.8 -20973.8
-21.8671 -1544.48
2435.41 12098.5
163.451 757.138
==========================
18614.7 -21008.5
-21.8385 -1549.03
2443.34 12125.8
182.448 744.481
==========================
18645.5 -21043.3
-21.8097 -1553.59
2451.28 12153.1
201.386 731.165
==========================
18676.4 -21078.1
-21.7809 -1558.14
2459.21 12180.3
220.26 717.189
==========================
18707.2 -21112.8
-21.7521 -1562.69
2467.14 12207.6
239.064 702.547
==========================
18738.1 -21147.6
-21.7233 -1567.25
2475.06 12234.8
257.792 687.237
==========================
18769 -21182.4
-21.6945 -1571.8
2482.98 12262
276.436 671.254
==========================
18799.8 -21217.1
-21.6657 -1576.34
2490.89 12289.2
294.991 654.593
==========================
18830.7 -21251.9
-21.6369 -1580.88
2498.8 12316.3
313.449 637.25
==========================
18861.5 -21286.7
-21.6081 -1585.42
2506.71 12343.5
331.804 619.219
==========================
18892.4 -21321.4
-21.5793 -1589.96
2514.62 12370.6
350.048 600.495
==========================
18923.3 -21356.2
-21.5505 -1594.51
2522.53 12397.8
368.174 581.072
==========================
18954.1 -21391
-21.5215 -1599.05
2530.44 12424.9
386.174 560.944
==========================
18985 -21425.7
-21.4925 -1603.59
2538.33 12451.9
404.041 540.104
==========================
19015.8 -21460.5
-21.4635 -1608.13
2546.21 12479
421.765 518.546
==========================
19046.7 -21495.3
-21.4345 -1612.67
2554.1 12506
439.338 496.262
==========================
19077.6 -21530
-21.4055 -1617.21
2561.98 12533.1
456.752 473.244
==========================
19108.4 -21564.8
-21.3765 -1621.75
2569.87 12560.1
473.997 449.484
==========================
19139.3 -21599.6
-21.3474 -1626.29
2577.76 12587.1
491.063 424.974
==========================
19170.1 -21634.3
-21.3182 -1630.83
2585.64 12614.1
507.939 399.706
==========================
19201 -21669.1
-21.289 -1635.37
2593.53 12641
524.616 373.668
==========================
19231.9 -21703.9
-21.2598 -1639.92
2601.4 12668
541.082 346.851
==========================
19262.7 -21738.6
-21.2305 -1644.46
2609.26 12694.9
557.325 319.244
==========================
19293.6 -21773.4
-21.2012 -1649
2617.12 12721.9
573.333 290.837
==========================
19324.4 -21808.2
-21.1718 -1653.54
2624.98 12748.8
589.093 261.618
==========================
19355.3 -21842.9
-21.1424 -1658.08
2632.84 12775.6
604.59 231.573
==========================
19386.2 -21877.7
-21.1129 -1662.62
2640.7 12802.5
619.811 200.691
==========================
19417 -21912.5
-21.0833 -1667.16
2648.56 12829.3
634.739 168.957
==========================
19447.9 -21947.2
-21.0538 -1671.7
2656.42 12856.2
649.359 136.356
==========================
19478.7 -21982
-21.0241 -1676.24
2664.27 12883
663.652 102.873
==========================
19509.6 -22016.8
-20.9943 -1680.78
2672.11 12909.8
677.601 68.4928
==========================
19540.5 -22051.5
-20.9646 -1685.33
2679.95 12936.6
691.185 33.197
==========================
19571.3 -22086.3
-20.9346 -1689.87
2687.79 12963.3
704.384 -3.03244
==========================
19602.2 -22121
-20.9047 -1694.41
2695.62 12990.1
717.174 -40.2146
==========================
19633 -22155.8
-20.8746 -1698.95
2703.46 13016.9
729.53 -78.3699
==========================
19663.9 -22190.6
-20.8444 -1703.49
2711.3 13043.6
741.427 -117.52
==========================
19694.7 -22225.3
-20.8141 -1708.03
2719.13 13070.4
752.836 -157.688
==========================
19725.6 -22260.1
-20.7838 -1712.57
2726.97 13097
763.727 -198.897
==========================
19756.4 -22294.9
-20.7533 -1717.11
2734.78 13123.7
774.066 -241.175
==========================
19787.1 -22329.6
-20.7227 -1721.65
2742.6 13150.3
783.815 -284.547
==========================
19817.8 -22364.4
-20.692 -1726.2
2750.41 13177
792.938 -329.044
==========================
19848.4 -22399.2
-20.6611 -1730.74
2758.22 13203.7
801.389 -374.696
==========================
19879.1 -22433.9
-20.6301 -1735.28
2766.03 13230.3
809.122 -421.536
==========================
19909.7 -22468.7
-20.599 -1739.82
2773.85 13256.9
816.085 -469.601
==========================
19940.4 -22503.5
-20.5677 -1744.36
2781.66 13283.5
822.218 -518.926
==========================
19971.1 -22538.2
-20.5362 -1748.9
2789.47 13310
827.459 -569.553
==========================
20001.7 -22573
-20.5045 -1753.44
2797.28 13336.6
831.736 -621.525
==========================
20032.4 -22607.8
-20.4726 -1757.98
2805.07 13363.1
834.969 -674.886
==========================
20063.1 -22642.5
-20.4404 -1762.52
2812.86 13389.7
837.07 -729.687
==========================
20093.7 -22677.3
-20.4081 -1767.06
2820.65 13416.3
837.936 -785.979
==========================
20124.4 -22712.1
-20.3754 -1771.61
2828.43 13442.7
837.452 -843.818
==========================
20155.1 -22746.8
-20.3425 -1776.15
2836.22 13469.2
835.489 -903.262
==========================
20185.7 -22781.6
-20.3092 -1780.69
2844.01 13495.7
831.895 -964.376
==========================
20216.4 -22816.4
-20.2755 -1785.23
2851.8 13522.1
826.497 -1027.22
==========================
20247 -22851.1
-20.2415 -1789.77
2859.59 13548.6
819.093 -1091.87
==========================
20277.7 -22885.9
-20.207 -1794.31
2867.37 13575.1
809.444 -1158.4
==========================
20308.4 -22920.7
-20.172 -1798.85
2875.14 13601.5
797.27 -1226.87
==========================
20339 -22955.4
-20.1364 -1803.39
2882.9 13627.9
782.236 -1297.35
==========================
20369.7 -22990
-20.1002 -1807.93
2890.67 13654.2
763.937 -1369.9
==========================
20400.4 -23024.5
-20.0632 -1812.47
2898.43 13680.6
741.879 -1444.56
==========================
20431 -23059.1
-20.0254 -1817.01
2906.19 13707
715.454 -1521.35
==========================
20461.7 -23093.7
-19.9865 -1821.54
2913.96 13733.3
683.905 -1600.21
==========================
20492.4 -23128.2
-19.9464 -1826.06
2921.72 13759.7
646.28 -1681
==========================
20523 -23162.8
-19.9049 -1830.59
2929.48 13786
601.37 -1763.41
==========================
20553.7 -23197.4
-19.8616 -1835.12
2937.25 13812.3
547.64 -1846.8
==========================
20584.4 -23232
-19.8161 -1839.65
2945 13838.6
483.17 -1930
==========================
20615 -23266.5
-19.768 -1844.18
2952.73 13864.9
405.673 -2010.9
==========================
20645.7 -23301.1
-19.7169 -1848.72
2960.47 13891.1
312.795 -2085.84
==========================
20676.3 -23335.7
-19.6624 -1853.26
2968.21 13917.4
203.113 -2148.94
==========================
20707 -23370.2
-19.6049 -1857.8
2975.95 13943.7
78.2399 -2192.3
==========================
20737.7 -23404.8
-19.5456 -1862.34
2983.69 13969.9
-55.0835 -2208.91
==========================
20768.3 -23439.4
-19.4868 -1866.9
2991.43 13996.1
-186.472 -2197.26
==========================
20799 -23474
-19.4301 -1871.45
2999.17 14022.3
-307.277 -2162.43
==========================
20829.7 -23508.5
-19.3762 -1876.02
3006.91 14048.5
-413.792 -2112.04
==========================
20860.3 -23543.1
-19.3251 -1880.58
3014.65 14074.6
-506.102 -2052.54
==========================
20891 -23577.7
-19.2766 -1885.15
3022.36 14100.8
-585.889 -1988.27
==========================
20921.7 -23612.2
-19.2302 -1889.71
3030.08 14127
-655.123 -1921.88
==========================
20952.3 -23646.8
-19.1855 -1894.28
3037.79 14153.1
-715.583 -1854.92
==========================
20983 -23681.4
-19.1423 -1898.84
3045.51 14179.3
-768.733 -1788.28
==========================
