0 0
==========================
0 0
==========================
0 0
==========================
0 0
==========================
0 0
==========================
0 0
==========================
0 0
==========================
0 0
==========================
0 0
==========================
0 0
==========================
0 0
==========================
0 0
==========================
2.27451 1.22992
-2.27451 -1.22992
==========================
4.89048 2.64448
-4.89048 -2.64448
==========================
7.5101 4.06102
-7.51009 -4.06102
==========================
10.1354 5.48063
-10.1354 -5.48063
==========================
12.7685 6.90444
-12.7685 -6.90444
==========================
15.4114 8.33359
-15.4114 -8.33359
==========================
18.0664 9.76923
-18.0664 -9.76923
==========================
20.7356 11.2126
-20.7356 -11.2126
==========================
23.4213 12.6648
-23.4213 -12.6648
==========================
26.1258 14.1273
-26.1258 -14.1273
==========================
28.8515 15.6012
-28.8515 -15.6012
==========================
31.6011 17.088
-31.6011 -17.088
==========================
34.3771 18.5891
-34.3771 -18.5891
==========================
41.0952 26.7356
-44.1093 -20.1305
3453.01 -3906.6
==========================
52.9272 33.2796
-59.6506 -29.248
3456.72 -3904.03
==========================
62.186 34.9458
-66.9354 -42.2789
3454.75 -3892.67
==========================
68.4012 35.6359
-69.4076 -49.7718
3451.01 -3885.86
==========================
73.1988 36.4569
-71.5572 -54.2345
3448.36 -3882.22
==========================
77.37 37.5064
-73.9665 -57.4683
3446.6 -3880.04
==========================
81.2561 38.7456
-76.6335 -60.1495
3445.38 -3878.6
==========================
85.0194 40.1346
-79.5136 -62.5582
3444.49 -3877.58
==========================
88.7474 41.6463
-82.576 -64.828
3443.83 -3876.82
==========================
92.4928 43.2638
-85.8034 -67.0308
3443.31 -3876.23
==========================
96.2913 44.9776
-89.1881 -69.2098
3442.9 -3875.77
==========================
100.17 46.7828
-92.7289 -71.3936
3442.56 -3875.39
==========================
104.152 48.678
-96.4295 -73.6028
3442.28 -3875.07
==========================
108.257 50.6644
-100.297 -75.8539
3442.04 -3874.81
==========================
112.505 52.7453
-104.343 -78.161
3441.84 -3874.58
==========================
116.918 54.9261
-108.58 -80.5371
3441.66 -3874.39
==========================
121.517 57.2138
-113.026 -82.9953
3441.51 -3874.22
==========================
126.327 59.6174
-117.702 -85.5489
3441.38 -3874.07
==========================
131.376 62.1479
-122.631 -88.2125
3441.25 -3873.94
==========================
136.696 64.8187
-127.844 -91.0022
3441.15 -3873.81
==========================
142.324 67.646
-133.376 -93.9363
3441.05 -3873.71
==========================
148.304 70.6494
-139.27 -97.0362
3440.96 -3873.61
==========================
154.69 73.8527
-145.577 -100.327
3440.89 -3873.52
==========================
161.546 77.2852
-152.362 -103.839
3440.82 -3873.45
==========================
168.953 80.9829
-159.703 -107.61
3440.74 -3873.37
==========================
177.009 84.9915
-167.699 -111.686
3440.69 -3873.3
==========================
185.845 89.3686
-176.479 -116.125
3440.64 -3873.24
==========================
195.627 94.1896
-186.21 -121.003
3440.59 -3873.19
==========================
206.581 99.5544
-197.115 -126.421
3440.54 -3873.14
==========================
219.014 105.6
-209.504 -132.516
3440.49 -3873.09
==========================
233.37 112.518
-223.818 -139.481
3440.44 -3873.04
==========================
250.307 120.594
-240.717 -147.6
3440.39 -3872.99
==========================
270.866 130.27
-261.241 -157.316
3440.36 -3872.94
==========================
296.825 142.283
-287.165 -169.367
3440.34 -3872.89
==========================
331.55 157.997
-321.858 -185.117
3440.31 -3872.87
==========================
382.57 180.345
-372.848 -207.499
3440.29 -3872.84
==========================
9.65526 -11.5537
3440.26 -3872.82
==========================
9.66878 -11.5685
3440.24 -3872.79
==========================
9.68154 -11.5826
3440.22 -3872.77
==========================
9.69364 -11.5959
3440.19 -3872.75
==========================
9.70513 -11.6085
3440.17 -3872.72
==========================
9.72891 -11.5919
3440.14 -3872.7
-450.023 -2250.05
==========================
9.86617 -11.3251
3440.12 -3872.67
-450.251 -2250.58
==========================
10.0201 -11.0293
3440.09 -3872.65
-450.511 -2251.16
==========================
10.1928 -10.7028
3440.07 -3872.62
-450.807 -2251.79
==========================
10.3885 -10.341
3440.04 -3872.6
-451.146 -2252.49
==========================
10.6118 -9.93841
3440.02 -3872.57
-451.537 -2253.26
==========================
10.8693 -9.48872
3440 -3872.55
-451.991 -2254.12
==========================
11.169 -8.98401
3439.97 -3872.53
-452.525 -2255.08
==========================
11.5219 -8.4148
3439.95 -3872.5
-453.158 -2256.15
==========================
11.9424 -7.76957
3439.92 -3872.48
-453.917 -2257.37
==========================
12.4499 -7.0344
3439.9 -3872.45
-454.837 -2258.75
==========================
13.0716 -6.19263
3439.87 -3872.43
-455.969 -2260.33
==========================
13.8449 -5.22483
3439.85 -3872.4
-457.382 -2262.14
==========================
14.8233 -4.10952
3439.82 -3872.38
-459.175 -2264.23
==========================
16.0829 -2.82582
3439.8 -3872.36
-461.489 -2266.62
==========================
17.7325 -1.36045
3439.78 -3872.33
-464.525 -2269.35
==========================
19.9246 0.276119
3439.75 -3872.31
-468.565 -2272.39
==========================
22.8601 2.01639
3439.73 -3872.28
-473.98 -2275.63
==========================
26.763 3.67875
3439.7 -3872.26
-481.186 -2278.72
==========================
31.7808 4.90421
3439.68 -3872.23
-490.455 -2281
==========================
37.7766 5.17816
3439.65 -3872.21
-501.533 -2281.53
==========================
44.1484 4.07809
3439.63 -3872.18
-513.308 -2279.51
==========================
50.0071 1.64521
3439.6 -3872.16
-524.133 -2275.02
==========================
54.699 -1.58403
3439.58 -3872.14
-532.8 -2269.06
==========================
58.0907 -4.97335
3439.56 -3872.11
-539.063 -2262.81
==========================
60.4017 -8.11043
3439.55 -3872.09
-543.325 -2257.02
==========================
61.9365 -10.8342
3439.55 -3872.06
-546.153 -2251.99
==========================
62.9505 -13.1323
3439.55 -3872.04
-548.017 -2247.75
==========================
63.6233 -15.053
3439.55 -3872.02
-549.251 -2244.21
==========================
64.0731 -16.6591
3439.55 -3872.02
-550.072 -2241.25
==========================
64.3759 -18.0095
3439.55 -3872.02
-550.622 -2238.77
==========================
64.5805 -19.1537
3439.55 -3872.02
-550.99 -2236.66
==========================
64.7184 -20.1312
3439.55 -3872.02
-551.234 -2234.86
==========================
64.8105 -20.9735
3439.55 -3872.02
-551.395 -2233.32
==========================
64.8707 -21.7052
3439.55 -3872.02
-551.496 -2231.97
==========================
64.9085 -22.3457
3439.55 -3872.02
-551.557 -2230.8
==========================
64.9303 -22.9103
3439.55 -3872.02
-551.588 -2229.76
==========================
64.9407 -23.4114
3439.55 -3872.02
-551.598 -2228.85
==========================
64.943 -23.8587
3439.55 -3872.02
-551.593 -2228.03
==========================
64.9395 -24.2603
3439.55 -3872.02
-551.578 -2227.29
==========================
64.9317 -24.6227
3439.55 -3872.02
-551.555 -2226.63
==========================
64.921 -24.9512
3439.55 -3872.02
-551.527 -2226.03
==========================
64.9082 -25.2504
3439.55 -3872.02
-551.496 -2225.49
==========================
64.894 -25.5238
3439.55 -3872.02
-551.46 -2224.99
==========================
64.8788 -25.7747
3439.55 -3872.02
-551.424 -2224.54
==========================
64.8631 -26.0057
3439.55 -3872.02
-551.387 -2224.11
==========================
64.8471 -26.2191
3439.55 -3872.02
-551.351 -2223.73
==========================
64.831 -26.4167
3439.55 -3872.02
-551.314 -2223.37
==========================
64.815 -26.6003
3439.55 -3872.02
-551.277 -2223.04
==========================
64.799 -26.7713
3439.55 -3872.02
-551.241 -2222.73
==========================
64.7836 -26.9309
3439.55 -3872.02
-551.204 -2222.44
==========================
64.7683 -27.0803
3439.55 -3872.02
-551.167 -2222.17
==========================
64.7534 -27.2203
3439.55 -3872.02
-551.131 -2221.92
==========================
64.7389 -27.3519
3439.55 -3872.02
-551.099 -2221.68
==========================
64.7247 -27.4757
3439.55 -3872.02
-551.068 -2221.46
==========================
64.711 -27.5925
3439.55 -3872.02
-551.037 -2221.25
==========================
64.6977 -27.7028
3439.55 -3872.02
-551.007 -2221.05
==========================
64.6847 -27.8072
3439.55 -3872.02
-550.976 -2220.86
==========================
64.6723 -27.906
3439.55 -3872.02
-550.946 -2220.69
==========================
64.6601 -27.9998
3439.55 -3872.02
-550.915 -2220.52
==========================
64.6485 -28.089
3439.55 -3872.02
-550.888 -2220.36
==========================
64.637 -28.1738
3439.55 -3872.02
-550.864 -2220.21
==========================
64.6261 -28.2545
3439.55 -3872.02
-550.839 -2220.07
==========================
64.6154 -28.3315
3439.55 -3872.02
-550.815 -2219.92
==========================
64.6052 -28.405
3439.55 -3872.02
-550.791 -2219.8
==========================
64.5953 -28.4753
3439.55 -3872.02
-550.766 -2219.68
==========================
64.5855 -28.5425
3439.55 -3872.02
-550.742 -2219.56
==========================
64.5763 -28.6069
3439.55 -3872.02
-550.717 -2219.43
==========================
64.5672 -28.6686
3439.55 -3872.02
-550.693 -2219.33
==========================
64.5585 -28.7278
3439.55 -3872.02
-550.674 -2219.23
==========================
64.5501 -28.7846
3439.55 -3872.02
-550.656 -2219.13
==========================
64.5417 -28.8392
3439.55 -3872.02
-550.638 -2219.03
==========================
64.5338 -28.8917
3439.55 -3872.02
-550.619 -2218.94
==========================
64.5262 -28.9423
3439.55 -3872.02
-550.601 -2218.84
==========================
64.5186 -28.9909
3439.55 -3872.02
-550.583 -2218.75
==========================
64.5113 -29.0379
3439.55 -3872.02
-550.564 -2218.68
==========================
64.5044 -29.0831
3439.55 -3872.02
-550.546 -2218.6
==========================
64.4976 -29.1268
3439.55 -3872.02
-550.528 -2218.53
==========================
64.4907 -29.169
3439.55 -3872.02
-550.51 -2218.46
==========================
64.4844 -29.2097
3439.55 -3872.02
-550.491 -2218.39
==========================
64.4783 -29.2491
3439.55 -3872.02
-550.473 -2218.31
==========================
64.4722 -29.2872
3439.55 -3872.02
-550.457 -2218.24
==========================
64.4661 -29.3241
3439.55 -3872.02
-550.445 -2218.17
==========================
64.4602 -29.3599
3439.55 -3872.02
-550.432 -2218.09
==========================
64.4549 -29.3945
3439.55 -3872.02
-550.42 -2218.04
==========================
64.4495 -29.4281
3439.55 -3872.02
-550.408 -2217.99
==========================
64.4442 -29.4606
3439.55 -3872.02
-550.396 -2217.94
==========================
64.4389 -29.4922
3439.55 -3872.02
-550.384 -2217.89
==========================
64.4336 -29.5229
3439.55 -3872.02
-550.371 -2217.84
==========================
64.429 -29.5527
3439.55 -3872.02
-550.359 -2217.8
==========================
64.4244 -29.5817
3439.55 -3872.02
-550.347 -2217.75
==========================
64.4198 -29.6098
3439.55 -3872.02
-550.335 -2217.7
==========================
64.4153 -29.6372
3439.55 -3872.02
-550.323 -2217.65
==========================
64.4107 -29.6638
3439.55 -3872.02
-550.31 -2217.6
==========================
64.4061 -29.6897
3439.55 -3872.02
-550.298 -2217.55
==========================
64.4022 -29.7134
3439.55 -3872.02
-550.286 -2217.5
1050 -1050
==========================
64.4299 -29.5183
3439.55 -3872.02
-550.274 -2217.45
1049.94 -1050.42
==========================
64.465 -29.3054
3439.55 -3872.02
-550.262 -2217.4
1049.87 -1050.87
==========================
64.5068 -29.0853
3439.55 -3872.02
-550.249 -2217.36
1049.78 -1051.34
==========================
64.5556 -28.8581
3439.55 -3872.02
-550.237 -2217.31
1049.68 -1051.82
==========================
64.6119 -28.624
3439.55 -3872.02
-550.225 -2217.26
1049.57 -1052.3
==========================
64.6763 -28.3831
3439.55 -3872.02
-550.213 -2217.21
1049.44 -1052.8
==========================
64.7493 -28.1359
3439.55 -3872.02
-550.201 -2217.16
1049.29 -1053.31
==========================
64.8315 -27.8824
3439.55 -3872.02
-550.188 -2217.11
1049.13 -1053.83
==========================
64.9232 -27.6233
3439.55 -3872.02
-550.176 -2217.06
1048.96 -1054.36
==========================
65.0251 -27.3589
3439.55 -3872.02
-550.164 -2217.01
1048.76 -1054.9
==========================
65.1375 -27.0897
3439.55 -3872.02
-550.152 -2216.97
1048.54 -1055.45
==========================
65.2609 -26.8165
3439.55 -3872.02
-550.14 -2216.92
1048.31 -1056
==========================
65.3958 -26.5398
3439.55 -3872.02
-550.127 -2216.87
1048.05 -1056.56
==========================
65.5424 -26.2605
3439.55 -3872.02
-550.115 -2216.82
1047.77 -1057.12
==========================
65.701 -25.9794
3439.55 -3872.02
-550.103 -2216.77
1047.47 -1057.68
==========================
65.8717 -25.6974
3439.55 -3872.02
-550.091 -2216.72
1047.14 -1058.24
==========================
66.0547 -25.4155
3439.55 -3872.02
-550.078 -2216.67
1046.8 -1058.81
==========================
66.25 -25.1347
3439.55 -3872.02
-550.066 -2216.62
1046.43 -1059.37
==========================
66.4574 -24.856
3439.55 -3872.02
-550.054 -2216.57
1046.04 -1059.93
==========================
66.6768 -24.5805
3439.55 -3872.02
-550.042 -2216.53
1045.62 -1060.48
==========================
66.9077 -24.3093
3439.55 -3872.02
-550.03 -2216.49
1045.19 -1061.02
==========================
67.1497 -24.0435
3439.55 -3872.02
-550.017 -2216.47
1044.73 -1061.55
==========================
67.4022 -23.784
3439.55 -3872.02
-550.005 -2216.45
1044.26 -1062.07
==========================
67.6645 -23.532
3439.55 -3872.02
-549.993 -2216.42
1043.77 -1062.57
==========================
67.9359 -23.2882
3439.55 -3872.02
-549.981 -2216.4
1043.26 -1063.06
==========================
68.2154 -23.0535
3439.55 -3872.02
-549.969 -2216.37
1042.74 -1063.53
==========================
68.5021 -22.8288
3439.55 -3872.02
-549.956 -2216.35
1042.2 -1063.98
==========================
68.795 -22.6146
3439.55 -3872.02
-549.944 -2216.32
1041.65 -1064.41
==========================
69.093 -22.4114
3439.55 -3872.02
-549.932 -2216.3
1041.09 -1064.82
==========================
69.3951 -22.2197
3439.55 -3872.02
-549.92 -2216.27
1040.53 -1065.21
==========================
69.7001 -22.0399
3439.55 -3872.02
-549.908 -2216.25
1039.95 -1065.57
==========================
70.007 -21.8719
3439.55 -3872.02
-549.895 -2216.23
1039.38 -1065.92
==========================
70.3145 -21.7161
3439.55 -3872.02
-549.883 -2216.2
1038.81 -1066.24
==========================
70.6219 -21.5722
3439.55 -3872.02
-549.877 -2216.18
1038.23 -1066.54
==========================
70.9284 -21.4402
3439.55 -3872.02
-549.871 -2216.15
1037.66 -1066.81
==========================
71.2328 -21.3198
3439.55 -3872.02
-549.865 -2216.13
1037.09 -1067.06
==========================
71.5344 -21.2108
3439.55 -3872.02
-549.858 -2216.1
1036.52 -1067.3
==========================
71.8324 -21.1127
3439.55 -3872.02
-549.852 -2216.08
1035.97 -1067.51
==========================
72.1262 -21.0252
3439.55 -3872.02
-549.846 -2216.06
1035.42 -1067.7
==========================
72.4151 -20.9478
3439.55 -3872.02
-549.84 -2216.03
1034.88 -1067.87
==========================
72.6987 -20.8799
3439.55 -3872.02
-549.834 -2216.01
1034.35 -1068.02
==========================
72.9766 -20.8212
3439.55 -3872.02
-549.828 -2215.98
1033.83 -1068.16
==========================
73.2483 -20.771
3439.55 -3872.02
-549.822 -2215.96
1033.32 -1068.28
==========================
73.5136 -20.7288
3439.55 -3872.02
-549.816 -2215.93
1032.82 -1068.38
==========================
73.7723 -20.694
3439.55 -3872.02
-549.81 -2215.91
1032.34 -1068.47
==========================
-635.079 5549.06
3437.57 -3869.72
-543.31 -2185.1
208.87 -843.9
0.426064 -452.112
==========================
-2648.2 20325.6
3435.05 -3866.81
-535.048 -2146.04
-835.279 -553.361
1.3786 -457.646
==========================
3432.56 -3863.92
-526.863 -2107.46
-1903.73 -249.321
0.794216 -451.283
==========================
3430.1 -3861.06
-518.751 -2069.32
-3042.84 82.2981
1.02087 -451.358
==========================
3427.66 -3858.24
-510.708 -2031.62
-4316.99 462.424
1.27453 -451.442
==========================
3425.24 -3855.44
-502.733 -1994.33
-5834.59 927.956
1.57688 -451.543
==========================
3422.84 -3852.67
-494.821 -1957.44
-7820.23 1558.27
1.97283 -451.677
==========================
3420.47 -3849.92
-486.97 -1920.94
-10902.2 2585.07
2.58803 -451.89
==========================
3418.12 -3847.21
-479.178 -1884.8
-18612.7 5423.51
4.12874 -452.466
==========================
3415.79 -3844.52
-471.443 -1849.02
1.11273 -451.621
==========================
3413.48 -3841.86
-463.763 -1813.59
1.11171 -451.628
==========================
3411.19 -3839.23
-456.134 -1778.48
1.11064 -451.634
==========================
3408.92 -3836.62
-448.555 -1743.69
1.10958 -451.64
==========================
3406.68 -3834.04
-441.022 -1709.2
1.10852 -451.646
==========================
3404.45 -3831.48
-433.536 -1675.01
1.10747 -451.652
==========================
3402.25 -3828.94
-426.092 -1641.1
1.10642 -451.659
==========================
3400.06 -3826.43
-418.69 -1607.45
1.10538 -451.665
==========================
3397.89 -3823.95
-411.328 -1574.07
1.10434 -451.671
==========================
3395.74 -3821.49
-404.003 -1540.94
1.1033 -451.677
==========================
3393.62 -3819.05
-396.714 -1508.05
1.10227 -451.683
==========================
3391.51 -3816.63
-389.46 -1475.38
1.10124 -451.689
==========================
3389.41 -3814.24
-382.238 -1442.94
1.10022 -451.695
==========================
3387.34 -3811.87
-375.047 -1410.72
1.09919 -451.701
==========================
3385.29 -3809.52
-367.885 -1378.7
1.09817 -451.707
==========================
3383.25 -3807.2
-360.751 -1346.87
1.09715 -451.714
==========================
3381.22 -3804.89
-353.644 -1315.23
1.09614 -451.72
==========================
3379.22 -3802.6
-346.561 -1283.78
1.09512 -451.726
==========================
3377.24 -3800.34
-339.501 -1252.49
1.09411 -451.732
==========================
3375.26 -3798.09
-332.464 -1221.37
1.0931 -451.738
==========================
3373.31 -3795.87
-325.447 -1190.41
1.09208 -451.744
==========================
3371.37 -3793.67
-318.448 -1159.6
1.09107 -451.75
==========================
3369.45 -3791.48
-311.468 -1128.93
1.09006 -451.756
==========================
3367.55 -3789.32
-304.504 -1098.41
1.08904 -451.762
==========================
3365.66 -3787.17
-297.556 -1068.01
1.08803 -451.768
==========================
3363.78 -3785.04
-290.62 -1037.73
1.53113 -451.157
-1771.2 -4141.26
==========================
3361.92 -3782.94
-283.696 -1007.57
2.41082 -450.012
-6175.98 -9899.01
==========================
3360.08 -3780.84
-276.784 -977.521
1.69821 -451.356
==========================
3358.25 -3778.77
-269.882 -947.58
1.70366 -451.355
==========================
3356.43 -3776.72
-262.989 -917.74
1.70264 -451.361
==========================
3354.63 -3774.68
-256.104 -887.993
1.70163 -451.367
==========================
3352.85 -3772.66
-249.225 -858.335
1.70062 -451.373
==========================
3351.07 -3770.66
-242.351 -828.759
1.69959 -451.379
==========================
3349.32 -3768.67
-235.481 -799.261
1.69857 -451.386
==========================
3347.57 -3766.7
-228.614 -769.834
1.69754 -451.392
==========================
3345.84 -3764.75
-221.749 -740.472
1.69652 -451.398
==========================
3344.12 -3762.81
-214.884 -711.172
1.69549 -451.404
==========================
3342.42 -3760.89
-208.018 -681.927
1.69446 -451.41
==========================
3340.73 -3758.98
-201.151 -652.731
1.69342 -451.416
==========================
3339.05 -3757.09
-194.28 -623.581
1.69238 -451.422
==========================
3337.39 -3755.22
-187.405 -594.47
1.69135 -451.428
==========================
3335.73 -3753.36
-180.524 -565.394
1.6903 -451.434
==========================
3334.09 -3751.52
-173.637 -536.347
1.68925 -451.441
==========================
3332.46 -3749.69
-166.743 -507.324
1.6882 -451.447
==========================
3330.85 -3747.87
-159.839 -478.321
1.68714 -451.453
==========================
3329.24 -3746.07
-152.925 -449.331
1.68608 -451.459
==========================
3327.66 -3744.29
-146 -420.351
1.68501 -451.465
==========================
3326.07 -3742.51
-139.063 -391.375
1.68394 -451.471
==========================
3324.51 -3740.76
-132.112 -362.398
1.68287 -451.477
==========================
3322.95 -3739.01
-125.145 -333.415
1.68178 -451.483
==========================
3321.41 -3737.28
-118.162 -304.418
2.08205 -451.067
2642.46 -8110.15
==========================
3319.87 -3735.56
-111.161 -275.403
2.98303 -450.499
-1869.65 -10986.6
==========================
3318.35 -3733.86
-104.141 -246.367
4.72014 -450.259
-10564.1 -12213.8
==========================
3316.84 -3732.17
-97.1011 -217.305
7.42043 -453.514
-24076.2 4032.96
==========================
3315.34 -3730.49
-90.0398 -188.211
4.42116 -456.027
-9079.63 16574
==========================
3313.85 -3728.83
-82.9558 -159.081
3.32873 -455.561
-3621.01 14211.8
==========================
3312.36 -3727.17
-75.8479 -129.91
2.95355 -455.205
-1749.98 12400.2
==========================
3310.9 -3725.53
-68.7146 -100.691
2.77393 -454.965
-857.204 11170.8
==========================
3309.43 -3723.9
-61.5547 -71.4201
2.67091 -454.794
-347.605 10282.8
==========================
3307.99 -3722.29
-54.3666 -42.0916
2.605 -454.665
-23.675 9605.89
==========================
3306.55 -3720.68
-47.149 -12.7002
2.55964 -454.564
197.41 9068.35
==========================
3305.12 -3719.09
-39.9005 16.7596
2.52676 -454.482
356.079 8628.19
==========================
3303.71 -3717.51
-32.6197 46.2932
2.50196 -454.414
474.273 8259.1
==========================
3302.29 -3715.95
-25.3049 75.9063
2.48267 -454.357
564.871 7943.72
==========================
3300.9 -3714.38
-17.9548 105.605
2.46728 -454.309
635.9 7670.08
==========================
3299.51 -3712.84
-10.5677 135.394
2.45474 -454.267
692.607 7429.66
==========================
3298.13 -3711.3
-3.14207 165.28
2.44435 -454.231
738.556 7216.16
==========================
3296.76 -3709.78
4.32371 195.268
2.43559 -454.199
776.248 7024.87
==========================
3295.39 -3708.27
11.8313 225.365
2.42812 -454.171
807.486 6852.14
==========================
3294.05 -3706.77
19.3824 255.577
2.42166 -454.146
833.597 6695.12
==========================
3292.71 -3705.28
26.9788 285.911
2.41601 -454.123
855.582 6551.54
==========================
3291.37 -3703.8
34.6223 316.371
2.41103 -454.103
874.205 6419.57
==========================
3290.05 -3702.33
42.3147 346.966
2.40658 -454.085
890.06 6297.69
==========================
3288.73 -3700.87
50.0579 377.702
2.40259 -454.069
903.616 6184.68
==========================
3287.42 -3699.42
57.8539 408.586
2.39897 -454.054
915.245 6079.49
==========================
3286.13 -3697.98
65.7046 439.624
2.39566 -454.042
925.247 5981.25
==========================
3284.83 -3696.56
73.6122 470.824
2.39261 -454.029
933.868 5889.22
==========================
3283.55 -3695.14
81.5787 502.194
2.38979 -454.019
941.307 5802.76
==========================
3282.29 -3693.72
89.6064 533.74
2.38715 -454.009
947.73 5721.32
==========================
3281.02 -3692.33
97.6975 565.471
2.38468 -454
953.277 5644.44
==========================
3279.76 -3690.94
105.854 597.394
2.38234 -453.992
958.061 5571.7
==========================
3278.52 -3689.56
114.08 629.518
2.38012 -453.986
962.183 5502.73
==========================
3277.27 -3688.19
122.375 661.852
2.378 -453.98
965.724 5437.22
==========================
3276.04 -3686.83
130.744 694.404
2.37597 -453.973
968.755 5374.88
==========================
3274.82 -3685.48
139.19 727.184
2.37401 -453.967
971.339 5315.46
==========================
3273.6 -3684.14
147.713 760.199
2.37211 -453.963
973.526 5258.74
==========================
3272.39 -3682.8
156.319 793.461
2.37027 -453.96
975.362 5204.53
==========================
3271.2 -3681.48
165.009 826.979
2.36846 -453.957
976.887 5152.62
==========================
3270 -3680.16
173.787 860.764
2.3667 -453.954
978.135 5102.88
==========================
3268.81 -3678.85
182.656 894.826
2.36496 -453.951
979.136 5055.14
==========================
3267.64 -3677.56
191.619 929.176
2.36325 -453.948
979.916 5009.28
==========================
3266.47 -3676.27
200.68 963.826
2.36156 -453.946
980.498 4965.17
==========================
3265.29 -3674.98
209.843 998.787
2.35988 -453.946
980.904 4922.71
==========================
3264.15 -3673.72
219.111 1034.07
2.35821 -453.946
981.15 4881.79
==========================
3263 -3672.45
228.489 1069.7
2.5546 -453.632
981.255 4842.32
5309.34 -7569.48
==========================
3261.85 -3671.19
237.982 1105.68
3.01637 -453.158
981.231 4804.21
2991.27 -9936.42
==========================
3260.72 -3669.95
247.593 1142.02
3.73218 -452.776
981.092 4767.4
-597.489 -11846.9
==========================
3259.59 -3668.7
257.326 1178.75
4.79365 -452.678
980.849 4731.8
-5915.24 -12342.3
==========================
3258.47 -3667.47
267.187 1215.86
6.0947 -453.306
980.511 4697.35
-12431.4 -9204.55
==========================
3257.35 -3666.25
277.181 1253.39
6.79239 -454.905
980.089 4664
-15929.7 -1211.72
==========================
3256.25 -3665.03
287.312 1291.35
6.25404 -456.383
979.591 4631.67
-13245.4 6174.29
==========================
3255.15 -3663.82
297.586 1329.75
5.32281 -457.007
979.023 4600.33
-8596.04 9289.46
==========================
3254.05 -3662.62
308.009 1368.61
4.56448 -457.118
978.393 4569.93
-4811.63 9833.34
==========================
3252.96 -3661.43
318.587 1407.96
4.02143 -457.026
977.707 4540.4
-2104.16 9364.33
==========================
3251.88 -3660.24
329.326 1447.8
3.63355 -456.864
976.97 4511.72
-172.923 8537.8
==========================
3250.81 -3659.06
340.233 1488.17
3.35011 -456.679
976.187 4483.85
1235.78 7600.46
==========================
3249.73 -3657.89
351.316 1529.09
3.13805 -456.491
975.363 4456.74
2287.26 6645.29
==========================
3248.67 -3656.72
362.582 1570.58
2.97651 -456.306
974.501 4430.37
3085.95 5706.6
==========================
3247.62 -3655.57
374.038 1612.66
2.85209 -456.127
973.606 4404.69
3698.8 4795.32
==========================
3246.57 -3654.42
385.694 1655.35
2.75599 -455.955
972.68 4379.69
4169.77 3912.76
==========================
3245.52 -3653.28
397.557 1698.7
2.68233 -455.788
971.727 4355.32
4528.35 3056.28
==========================
3244.49 -3652.14
409.638 1742.72
2.62711 -455.625
970.75 4331.57
4794.53 2221.64
==========================
3243.46 -3651.02
421.945 1787.45
2.5876 -455.466
969.751 4308.4
4981.84 1404.05
==========================
3242.43 -3649.9
434.491 1832.92
2.56204 -455.31
968.733 4285.8
5099.19 598.645
==========================
3241.41 -3648.77
447.286 1879.17
2.54936 -455.155
967.698 4263.74
5151.91 -199.424
==========================
3240.39 -3647.67
460.342 1926.22
2.54906 -455.002
966.647 4242.21
5142.43 -994.91
==========================
3239.39 -3646.57
473.672 1974.13
2.56119 -454.849
965.583 4221.17
5070.5 -1792.49
==========================
3238.39 -3645.48
487.289 2022.92
2.58632 -454.694
964.507 4200.61
4933.25 -2596.77
==========================
3237.39 -3644.38
501.209 2072.65
2.62561 -454.537
963.42 4180.51
4724.87 -3412.3
==========================
3236.39 -3643.31
515.446 2123.37
2.68094 -454.377
962.325 4160.86
4435.95 -4243.42
==========================
3235.42 -3642.24
530.018 2175.12
2.7551 -454.214
961.222 4141.64
4052.52 -5094.04
==========================
3234.44 -3641.16
544.943 2227.95
2.85216 -454.046
960.112 4122.83
3554.2 -5966.98
==========================
3233.47 -3640.1
560.241 2281.93
2.97801 -453.875
958.996 4104.42
2911.54 -6862.68
==========================
3232.49 -3639.05
575.932 2337.12
3.14121 -453.7
957.877 4086.4
2081.6 -7776.2
==========================
3231.53 -3638
592.038 2393.59
3.35442 -453.524
956.754 4068.75
1001.13 -8690.87
==========================
3230.58 -3636.95
608.585 2451.41
3.63636 -453.358
955.628 4051.46
-423.595 -9563.88
==========================
3229.63 -3635.91
625.6 2510.65
4.01425 -453.221
954.498 4034.52
-2328.7 -10292.9
==========================
3228.67 -3634.89
643.111 2571.4
4.52347 -453.161
953.369 4017.91
-4891.19 -10640.3
==========================
3227.73 -3633.86
661.149 2633.76
5.18931 -453.282
952.24 4001.62
-8237.67 -10080.9
==========================
3226.8 -3632.84
679.75 2697.83
5.94195 -453.771
951.111 3985.65
-12018.8 -7681.5
==========================
3225.87 -3631.82
698.951 2763.71
6.45563 -454.747
949.982 3969.99
-14605.3 -2853.2
==========================
3224.94 -3630.82
718.792 2831.53
6.35577 -455.863
948.853 3954.62
-14123.6 2676.05
==========================
3224.02 -3629.82
739.32 2901.41
5.81675 -456.615
947.723 3939.53
-11446 6380.63
==========================
3223.1 -3628.82
760.583 2973.5
5.22475 -456.961
946.599 3924.72
-8504.08 8054.17
==========================
3222.19 -3627.82
782.638 3047.96
4.73411 -457.072
945.476 3910.18
-6069.96 8547.39
==========================
3221.29 -3626.85
805.547 3124.96
4.3544 -457.071
944.355 3895.9
-4191.52 8478.16
==========================
3220.39 -3625.87
829.378 3204.7
4.06167 -457.02
943.238 3881.88
-2749.17 8156.42
==========================
3219.48 -3624.89
854.207 3287.4
3.83256 -456.948
942.123 3868.1
-1625.96 7726.51
==========================
3218.59 -3623.92
880.121 3373.3
3.64966 -456.869
941.012 3854.55
-735.064 7255.7
==========================
3217.71 -3622.96
907.215 3462.66
3.50084 -456.789
939.905 3841.24
-15.7593 6775.69
==========================
3216.83 -3622.01
935.601 3555.8
3.37761 -456.711
938.801 3828.16
574.238 6301.37
==========================
3215.95 -3621.06
965.403 3653.06
3.27399 -456.635
937.702 3815.29
1064.73 5839.43
==========================
3215.07 -3620.11
996.761 3754.83
3.18567 -456.564
936.608 3802.63
1477.11 5392.46
==========================
3214.2 -3619.16
1029.84 3861.57
3.10949 -456.497
935.518 3790.19
1827.03 4961.02
==========================
3213.35 -3618.23
1064.83 3973.78
3.04309 -456.434
934.432 3777.94
2126.12 4544.61
==========================
3212.49 -3617.3
1101.95 4092.06
2.98466 -456.375
933.351 3765.89
2383.21 4142.25
==========================
3211.64 -3616.38
1141.46 4217.11
2.93279 -456.319
932.276 3754.03
2605.08 3752.76
==========================
3210.78 -3615.45
1183.66 4349.74
2.88636 -456.268
931.206 3742.36
2797 3374.86
==========================
3209.93 -3614.53
1228.92 4490.92
2.84448 -456.221
930.141 3730.87
2963.13 3007.33
==========================
3209.09 -3613.63
1277.66 4641.79
2.80641 -456.177
929.081 3719.55
3106.76 2648.96
==========================
3208.26 -3612.73
1330.44 4803.75
2.77149 -456.138
928.026 3708.41
3230.51 2298.6
==========================
3207.43 -3611.82
1387.89 4978.49
2.73919 -456.102
926.977 3697.43
3336.51 1955.21
==========================
3206.6 -3610.92
1450.84 5168.1
2.709 -456.07
925.933 3686.62
3426.43 1617.76
==========================
3205.77 -3610.03
1520.33 5375.21
2.68044 -456.043
924.896 3675.96
3501.65 1285.3
==========================
3204.94 -3609.15
1597.69 5603.18
2.65304 -456.021
923.864 3665.47
3563.23 956.953
==========================
3204.14 -3608.27
1684.69 5856.36
2.62626 -456.005
922.838 3655.12
3612.01 631.845
==========================
3203.33 -3607.39
1783.72 6140.57
2.59951 -455.996
921.817 3644.92
3648.63 309.16
==========================
3202.53 -3606.51
1898.09 6463.79
2.57203 -455.994
920.803 3634.87
3673.52 -11.8988
==========================
3201.72 -3605.64
2032.61 6837.3
2.54281 -456.003
919.794 3624.96
3686.99 -332.11
==========================
3200.92 -3604.79
2194.5 7277.81
2.51037 -456.025
918.791 3615.19
3689.15 -652.242
==========================
3200.11 -3603.93
2395.35 7811.35
2.4724 -456.066
917.793 3605.55
3679.98 -973.064
==========================
3199.33 -3603.08
2655.12 8481.58
2.42496 -456.134
916.802 3596.05
3659.32 -1295.35
==========================
3198.55 -3602.22
3012.17 9369.32
2.36043 -456.245
915.816 3586.67
3626.83 -1619.89
==========================
3197.77 -3601.37
3553.23 10648.6
2.26157 -456.433
914.837 3577.42
3582.01 -1947.49
==========================
3196.99 -3600.54
4538.44 12804.4
2.07652 -456.796
913.863 3568.29
3524.16 -2278.99
==========================
3196.21 -3599.71
7510.83 18310
1.49696 -457.828
912.895 3559.29
3452.39 -2615.28
==========================
3195.43 -3598.88
2.53181 -454.576
911.933 3550.4
3365.55 -2957.26
==========================
3194.67 -3598.05
2.5527 -454.505
910.977 3541.63
3262.18 -3305.93
==========================
3193.91 -3597.22
2.57737 -454.432
910.026 3532.97
3140.47 -3662.34
==========================
3193.15 -3596.39
2.60615 -454.358
909.082 3524.42
2998.18 -4027.6
==========================
3192.4 -3595.59
2.63962 -454.281
908.143 3515.98
2832.48 -4402.88
==========================
3191.64 -3594.78
2.67846 -454.202
907.21 3507.64
2639.85 -4789.42
==========================
3190.88 -3593.98
2.72357 -454.121
906.283 3499.41
2415.87 -5188.49
==========================
3190.13 -3593.17
2.77608 -454.037
905.361 3491.29
2154.88 -5601.32
==========================
3189.4 -3592.37
2.83743 -453.95
904.446 3483.26
1849.62 -6029.06
==========================
3188.67 -3591.57
2.90951 -453.86
903.536 3475.33
1490.67 -6472.51
==========================
3187.94 -3590.79
2.99482 -453.767
902.632 3467.49
1065.56 -6931.85
==========================
3187.2 -3590.01
3.09668 -453.67
901.734 3459.75
557.636 -7405.9
==========================
3186.47 -3589.22
3.21963 -453.573
900.841 3452.1
-55.7592 -7890.89
==========================
3185.74 -3588.44
3.36989 -453.475
899.953 3444.54
-805.832 -8378.01
==========================
3185.02 -3587.66
3.55616 -453.38
899.071 3437.07
-1736.01 -8848.57
==========================
3184.31 -3586.88
3.79046 -453.295
898.195 3429.69
-2906.52 -9264.18
==========================
3183.6 -3586.13
4.08891 -453.237
897.324 3422.39
-4397.92 -9546.7
==========================
3182.89 -3585.37
4.47022 -453.238
896.458 3415.17
-6303.79 -9538.42
==========================
3182.19 -3584.61
4.94509 -453.357
895.598 3408.04
-8677.73 -8934.5
==========================
3181.48 -3583.86
5.47869 -453.695
894.743 3400.99
-11345.5 -7237.54
==========================
3180.77 -3583.1
5.9198 -454.337
893.894 3394.01
-13550.5 -4022.22
==========================
3180.07 -3582.34
6.03086 -455.178
893.05 3387.12
-14104.6 190.43
==========================
3179.38 -3581.6
5.76724 -455.911
892.212 3380.3
-12784.3 3864.94
==========================
3178.7 -3580.87
5.33501 -456.366
891.378 3373.55
-10620.6 6143.83
==========================
3178.02 -3580.14
4.91125 -456.587
890.549 3366.88
-8499.25 7258.38
==========================
3177.33 -3579.4
4.55586 -456.671
889.726 3360.28
-6719.96 7680.68
==========================
3176.65 -3578.67
4.27098 -456.681
888.908 3353.75
-5293.34 7736.82
==========================
3175.97 -3577.94
4.04372 -456.653
888.095 3347.29
-4155.01 7606.49
==========================
3175.28 -3577.21
3.86072 -456.608
887.288 3340.89
-3238.08 7383.44
==========================
3174.61 -3576.49
3.71131 -456.553
886.485 3334.57
-2489.23 7116.47
==========================
3173.95 -3575.78
3.58758 -456.495
885.686 3328.31
-1868.8 6831.36
==========================
3173.29 -3575.08
3.48372 -456.437
884.893 3322.12
-1347.76 6541.81
==========================
3172.63 -3574.37
3.39546 -456.379
884.105 3315.99
-904.819 6255.1
==========================
3171.97 -3573.66
3.31965 -456.322
883.322 3309.92
-524.141 5975.01
==========================
3171.31 -3572.95
3.2539 -456.267
882.544 3303.91
-193.823 5703.37
==========================
3170.66 -3572.24
3.19641 -456.213
881.769 3297.97
95.2271 5440.9
==========================
3170 -3571.55
3.14575 -456.161
881 3292.08
350.054 5187.73
==========================
3169.35 -3570.86
3.10083 -456.112
880.237 3286.26
576.185 4943.63
==========================
3168.71 -3570.18
3.06076 -456.063
879.477 3280.49
778.007 4708.18
==========================
3168.08 -3569.5
3.02485 -456.017
878.722 3274.77
959.051 4480.91
==========================
3167.44 -3568.81
2.99252 -455.972
877.971 3269.12
1122.18 4261.27
==========================
3166.81 -3568.13
2.9633 -455.929
877.226 3263.52
1269.75 4048.73
==========================
3166.17 -3567.45
2.9368 -455.886
876.485 3257.97
1403.69 3842.79
==========================
3165.54 -3566.76
2.91269 -455.846
875.747 3252.47
1525.63 3642.94
==========================
3164.9 -3566.1
2.89071 -455.806
875.015 3247.03
1636.93 3448.72
==========================
3164.27 -3565.44
2.87063 -455.766
874.288 3241.64
1738.74 3259.69
==========================
3163.65 -3564.78
2.85225 -455.73
873.564 3236.3
1832.05 3075.46
==========================
3163.04 -3564.12
2.8354 -455.693
872.844 3231.01
1917.68 2895.64
==========================
3162.43 -3563.46
2.81994 -455.656
872.13 3225.77
1996.35 2719.89
==========================
3161.82 -3562.8
2.80574 -455.62
871.419 3220.58
2068.7 2547.89
==========================
3161.21 -3562.15
2.7927 -455.587
870.712 3215.43
2135.26 2379.32
==========================
3160.6 -3561.49
2.78072 -455.553
870.01 3210.34
2196.5 2213.92
==========================
3159.99 -3560.85
2.76972 -455.52
869.312 3205.29
2252.83 2051.43
==========================
3159.38 -3560.21
2.75963 -455.486
868.617 3200.28
2304.6 1891.59
==========================
3158.77 -3559.58
2.75038 -455.453
867.928 3195.32
2352.14 1734.18
==========================
3158.17 -3558.94
2.74193 -455.422
867.242 3190.4
2395.71 1578.99
==========================
3157.59 -3558.31
2.73422 -455.391
866.56 3185.53
2435.57 1425.81
==========================
3157 -3557.67
2.7272 -455.361
865.882 3180.7
2471.91 1274.46
==========================
3156.42 -3557.04
2.72085 -455.33
865.208 3175.91
2504.94 1124.75
==========================
3155.83 -3556.4
2.71514 -455.3
864.538 3171.17
2534.81 976.51
==========================
3155.24 -3555.77
2.71002 -455.269
863.872 3166.46
2561.66 829.575
==========================
3154.66 -3555.16
2.70548 -455.239
863.21 3161.8
2585.62 683.79
==========================
3154.07 -3554.55
2.70149 -455.208
862.551 3157.18
2606.8 539
==========================
3153.49 -3553.94
2.69804 -455.178
861.897 3152.59
2625.28 395.058
==========================
3152.9 -3553.33
2.69512 -455.147
861.246 3148.05
2641.14 251.822
==========================
3152.34 -3552.72
2.6927 -455.117
860.599 3143.54
2654.46 109.152
==========================
3151.77 -3552.11
2.69078 -455.086
859.955 3139.07
2665.27 -33.0884
==========================
3151.21 -3551.5
2.68935 -455.055
859.315 3134.64
2673.61 -175.035
==========================
3150.65 -3550.89
2.68841 -455.025
858.679 3130.25
2679.52 -316.819
==========================
3150.09 -3550.28
2.68795 -454.994
858.046 3125.89
2683 -458.575
==========================
3149.53 -3549.7
2.68798 -454.964
857.418 3121.57
2684.07 -600.435
==========================
3148.97 -3549.11
2.68849 -454.933
856.792 3117.28
2682.72 -742.533
==========================
3148.4 -3548.52
2.68948 -454.903
856.17 3113.03
2678.92 -885.001
==========================
3147.84 -3547.94
2.69097 -454.872
855.552 3108.81
2672.65 -1027.98
==========================
3147.28 -3547.35
2.69296 -454.842
854.936 3104.63
2663.86 -1171.59
==========================
3146.73 -3546.77
2.69546 -454.811
854.325 3100.48
2652.5 -1316
==========================
3146.19 -3546.18
2.69849 -454.781
853.716 3096.36
2638.51 -1461.33
==========================
3145.66 -3545.59
2.70206 -454.75
853.112 3092.27
2621.8 -1607.74
==========================
3145.12 -3545.01
2.70619 -454.72
852.51 3088.22
2602.28 -1755.38
==========================
3144.58 -3544.43
2.71091 -454.689
851.912 3084.2
2579.84 -1904.42
==========================
3144.05 -3543.87
2.71623 -454.659
851.318 3080.21
2554.34 -2055.02
==========================
3143.51 -3543.31
2.7222 -454.628
850.726 3076.25
2525.63 -2207.36
==========================
3142.97 -3542.75
2.72883 -454.598
850.138 3072.33
2493.55 -2361.62
==========================
3142.43 -3542.19
2.73619 -454.566
849.552 3068.43
2457.88 -2517.99
==========================
3141.9 -3541.63
2.7443 -454.533
848.97 3064.56
2418.42 -2676.7
==========================
3141.36 -3541.06
2.75322 -454.499
848.391 3060.73
2374.9 -2837.94
==========================
3140.83 -3540.5
2.76301 -454.466
847.816 3056.92
2327.04 -3001.97
==========================
3140.32 -3539.94
2.77373 -454.432
847.242 3053.14
2274.48 -3169.02
==========================
3139.81 -3539.38
2.78547 -454.399
846.674 3049.39
2216.87 -3339.37
==========================
3139.29 -3538.82
2.79831 -454.362
846.106 3045.66
2153.74 -3513.31
==========================
3138.78 -3538.28
2.81234 -454.326
845.544 3041.97
2084.61 -3691.15
==========================
3138.27 -3537.75
2.82769 -454.289
844.982 3038.3
2008.88 -3873.23
==========================
3137.75 -3537.21
2.8445 -454.252
844.425 3034.66
1925.89 -4059.9
==========================
3137.24 -3536.67
2.86291 -454.212
843.87 3031.04
1834.85 -4251.57
==========================
3136.73 -3536.13
2.88311 -454.172
843.319 3027.46
1734.86 -4448.66
==========================
3136.22 -3535.6
2.90532 -454.131
842.77 3023.89
1624.84 -4651.61
==========================
3135.7 -3535.06
2.92978 -454.088
842.224 3020.36
1503.52 -4860.94
==========================
3135.19 -3534.52
2.9568 -454.045
841.681 3016.85
1369.41 -5077.17
==========================
3134.69 -3533.99
2.98673 -453.999
841.141 3013.36
1220.7 -5300.85
==========================
3134.2 -3533.45
3.02001 -453.953
840.604 3009.9
1055.24 -5532.58
==========================
3133.71 -3532.91
3.05717 -453.904
840.068 3006.47
870.39 -5772.96
==========================
3133.22 -3532.4
3.09885 -453.853
839.537 3003.06
662.923 -6022.59
==========================
3132.73 -3531.89
3.14585 -453.801
839.007 2999.67
428.847 -6282.01
==========================
3132.24 -3531.37
3.19916 -453.746
838.482 2996.31
163.164 -6551.64
==========================
3131.76 -3530.86
3.26006 -453.69
837.957 2992.96
-140.449 -6831.65
==========================
3131.27 -3530.35
3.33015 -453.632
837.437 2989.65
-490.09 -7121.75
==========================
3130.78 -3529.84
3.41155 -453.571
836.918 2986.35
-896.262 -7420.81
==========================
3130.29 -3529.32
3.507 -453.51
836.403 2983.08
-1372.76 -7726.19
==========================
3129.8 -3528.81
3.62017 -453.449
835.89 2979.83
-1937.9 -8032.61
==========================
3129.32 -3528.3
3.75598 -453.389
835.378 2976.61
-2616.28 -8329.93
==========================
3128.83 -3527.78
3.92102 -453.334
834.872 2973.4
-3440.9 -8599.17
==========================
3128.35 -3527.27
4.12403 -453.293
834.365 2970.22
-4455.42 -8804.99
==========================
3127.89 -3526.76
4.3759 -453.277
833.863 2967.06
-5714.42 -8881.35
==========================
3127.42 -3526.27
4.68793 -453.311
833.363 2963.92
-7274.37 -8706.07
==========================
3126.96 -3525.78
5.06393 -453.439
832.864 2960.8
-9154.32 -8063.7
==========================
3126.49 -3525.3
5.47759 -453.725
832.37 2957.7
-11222.7 -6631.12
==========================
3126.03 -3524.81
5.8344 -454.225
831.876 2954.62
-13006.6 -4130.7
==========================
3125.57 -3524.32
5.98064 -454.89
831.386 2951.57
-13737.2 -798.579
==========================
3125.1 -3523.83
5.84639 -455.535
830.898 2948.53
-13064.7 2429.45
==========================
3124.64 -3523.34
5.53369 -456.001
830.412 2945.51
-11499.5 4760.48
==========================
3124.17 -3522.85
5.18207 -456.273
829.929 2942.51
-9739.6 6125.51
==========================
3123.71 -3522.37
4.86402 -456.41
829.447 2939.54
-8147.65 6812.39
==========================
3123.25 -3521.88
4.5978 -456.466
828.969 2936.58
-6814.96 7095.93
==========================
3122.78 -3521.39
4.37994 -456.477
828.493 2933.64
-5724.19 7153.43
==========================
3122.32 -3520.9
4.20172 -456.463
828.018 2930.72
-4831.7 7086.77
==========================
3121.87 -3520.42
4.0547 -456.436
827.548 2927.81
-4095.32 6952.89
==========================
3121.43 -3519.96
3.93205 -456.402
827.078 2924.93
-3480.85 6783.68
==========================
3120.99 -3519.49
3.82852 -456.364
826.61 2922.07
-2962.02 6597.26
==========================
3120.55 -3519.03
3.74013 -456.324
826.147 2919.22
-2518.97 6403.97
==========================
3120.11 -3518.56
3.66389 -456.285
825.683 2916.39
-2136.66 6209.81
==========================
3119.67 -3518.1
3.59749 -456.245
825.223 2913.58
-1803.63 6018.18
==========================
3119.23 -3517.64
3.53918 -456.208
824.765 2910.79
-1511.04 5831
==========================
3118.79 -3517.17
3.48758 -456.171
824.307 2908.01
-1252.02 5649.27
==========================
3118.35 -3516.71
3.44161 -456.135
823.855 2905.25
-1021.12 5473.45
==========================
3117.91 -3516.25
3.40038 -456.101
823.403 2902.51
-814.015 5303.68
==========================
3117.47 -3515.78
3.36322 -456.068
822.951 2899.78
-627.219 5139.9
==========================
3117.03 -3515.32
3.32955 -456.036
822.506 2897.07
-457.889 4981.93
==========================
3116.59 -3514.85
3.2989 -456.005
822.06 2894.38
-303.69 4829.52
==========================
3116.15 -3514.39
3.27088 -455.975
821.615 2891.7
-162.688 4682.41
==========================
3115.71 -3513.93
3.24519 -455.946
821.175 2889.04
-33.2651 4540.29
==========================
3115.28 -3513.5
3.22153 -455.919
820.736 2886.4
85.9387 4402.91
==========================
3114.86 -3513.06
3.19969 -455.891
820.297 2883.77
196.078 4269.96
==========================
3114.45 -3512.62
3.17946 -455.864
819.863 2881.16
298.138 4141.18
==========================
3114.03 -3512.18
3.16067 -455.84
819.43 2878.56
392.96 4016.32
==========================
3113.62 -3511.74
3.14319 -455.815
818.997 2875.98
481.275 3895.14
==========================
3113.2 -3511.3
3.12688 -455.791
818.57 2873.42
563.712 3777.41
==========================
3112.79 -3510.86
3.11163 -455.767
818.142 2870.87
640.825 3662.92
==========================
3112.37 -3510.42
3.09735 -455.745
817.715 2868.33
713.093 3551.47
==========================
3111.96 -3509.98
3.08396 -455.723
817.293 2865.81
780.942 3442.9
==========================
3111.54 -3509.54
3.07137 -455.702
816.872 2863.3
844.745 3337.02
==========================
3111.13 -3509.1
3.05952 -455.681
816.451 2860.81
904.834 3233.67
==========================
3110.71 -3508.66
3.04836 -455.659
816.034 2858.34
961.506 3132.72
==========================
3110.3 -3508.22
3.03783 -455.638
815.619 2855.87
1015.02 3034.02
==========================
3109.88 -3507.78
3.02788 -455.619
815.204 2853.43
1065.62 2937.44
==========================
3109.47 -3507.35
3.01847 -455.601
814.791 2850.99
1113.51 2842.88
==========================
3109.05 -3506.93
3.00956 -455.582
814.382 2848.57
1158.88 2750.2
==========================
3108.64 -3506.52
3.00112 -455.564
813.973 2846.16
1201.9 2659.32
==========================
3108.24 -3506.1
2.99312 -455.546
813.564 2843.77
1242.74 2570.13
==========================
3107.85 -3505.69
2.98553 -455.527
813.162 2841.39
1281.52 2482.55
==========================
3107.46 -3505.27
2.97832 -455.509
812.759 2839.02
1318.39 2396.48
==========================
3107.07 -3504.86
2.97147 -455.491
812.356 2836.67
1353.45 2311.85
==========================
3106.68 -3504.44
2.96496 -455.472
811.957 2834.33
1386.82 2228.58
==========================
3106.29 -3504.03
2.95877 -455.456
811.56 2832
1418.58 2146.59
==========================
3105.9 -3503.61
2.95288 -455.441
811.163 2829.69
1448.83 2065.83
==========================
3105.51 -3503.2
2.94727 -455.425
810.767 2827.39
1477.66 1986.23
==========================
3105.12 -3502.78
2.94194 -455.41
810.376 2825.1
1505.13 1907.73
==========================
3104.72 -3502.37
2.93686 -455.395
809.986 2822.83
1531.31 1830.27
==========================
3104.33 -3501.95
2.93203 -455.38
809.595 2820.56
1556.28 1753.79
==========================
3103.94 -3501.54
2.92742 -455.364
809.207 2818.31
1580.08 1678.25
==========================
3103.55 -3501.12
2.92304 -455.349
808.823 2816.07
1602.77 1603.6
==========================
3103.16 -3500.71
2.91887 -455.334
808.438 2813.85
1624.41 1529.79
==========================
3102.77 -3500.31
2.9149 -455.319
808.054 2811.63
1645.03 1456.78
==========================
3102.38 -3499.92
2.91112 -455.303
807.674 2809.43
1664.69 1384.52
==========================
3101.99 -3499.53
2.90753 -455.288
807.296 2807.23
1683.41 1312.98
==========================
3101.6 -3499.14
2.90412 -455.273
806.917 2805.06
1701.25 1242.11
==========================
3101.22 -3498.75
2.90087 -455.258
806.539 2802.89
1718.22 1171.88
==========================
3100.85 -3498.36
2.8978 -455.242
806.166 2800.73
1734.37 1102.25
==========================
3100.49 -3497.97
2.89488 -455.227
805.794 2798.59
1749.72 1033.2
==========================
3100.12 -3497.58
2.89211 -455.212
805.422 2796.46
1764.3 964.673
==========================
3099.76 -3497.19
2.88949 -455.196
805.05 2794.33
1778.14 896.654
==========================
3099.39 -3496.8
2.88702 -455.181
804.684 2792.22
1791.25 829.109
==========================
3099.02 -3496.41
2.88469 -455.167
804.318 2790.12
1803.66 762.008
==========================
3098.66 -3496.02
2.88249 -455.154
803.951 2788.03
1815.4 695.321
==========================
3098.29 -3495.63
2.88042 -455.142
803.586 2785.96
1826.47 629.022
==========================
3097.92 -3495.24
2.87848 -455.13
803.226 2783.89
1836.9 563.082
==========================
3097.56 -3494.84
2.87667 -455.118
802.865 2781.83
1846.7 497.476
==========================
3097.19 -3494.45
2.87498 -455.106
802.505 2779.78
1855.88 432.178
==========================
3096.83 -3494.06
2.87341 -455.093
802.145 2777.75
1864.47 367.163
==========================
3096.46 -3493.67
2.87195 -455.081
801.791 2775.73
1872.46 302.406
==========================
3096.09 -3493.3
2.87061 -455.069
801.437 2773.71
1879.88 237.883
==========================
3095.73 -3492.93
2.86939 -455.057
801.083 2771.71
1886.73 173.57
==========================
3095.36 -3492.57
2.86827 -455.045
800.729 2769.71
1893.02 109.445
==========================
3094.99 -3492.2
2.86727 -455.032
800.38 2767.73
1898.76 45.4849
==========================
3094.63 -3491.84
2.86637 -455.02
800.032 2765.75
1903.95 -18.3337
==========================
3094.26 -3491.47
2.86558 -455.008
799.684 2763.79
1908.6 -82.0326
==========================
3093.9 -3491.1
2.86489 -454.996
799.336 2761.84
1912.73 -145.634
==========================
3093.56 -3490.74
2.86432 -454.984
798.991 2759.89
1916.32 -209.159
==========================
3093.22 -3490.37
2.86384 -454.971
798.649 2757.96
1919.39 -272.631
==========================
3092.88 -3490
2.86347 -454.959
798.307 2756.03
1921.94 -336.07
==========================
3092.54 -3489.64
2.8632 -454.947
797.966 2754.11
1923.97 -399.498
==========================
3092.2 -3489.27
2.86304 -454.935
797.624 2752.21
1925.48 -462.937
==========================
3091.85 -3488.91
2.86298 -454.923
797.288 2750.3
1926.47 -526.408
==========================
3091.51 -3488.54
2.86302 -454.91
796.952 2748.42
1926.94 -589.933
==========================
3091.17 -3488.17
2.86317 -454.898
796.617 2746.54
1926.89 -653.533
==========================
3090.83 -3487.81
2.86342 -454.886
796.281 2744.67
1926.31 -717.231
==========================
3090.49 -3487.44
2.86377 -454.874
795.948 2742.82
1925.21 -781.048
==========================
3090.14 -3487.07
2.86423 -454.862
795.618 2740.96
1923.58 -845.006
==========================
3089.8 -3486.71
2.8648 -454.849
795.288 2739.12
1921.42 -909.129
==========================
3089.46 -3486.34
2.86547 -454.837
794.959 2737.29
1918.72 -973.438
==========================
3089.12 -3485.99
2.86626 -454.825
794.629 2735.46
1915.47 -1037.96
==========================
3088.78 -3485.65
2.86715 -454.813
794.304 2733.65
1911.66 -1102.71
==========================
3088.44 -3485.31
2.86815 -454.8
793.98 2731.84
1907.3 -1167.72
==========================
3088.09 -3484.97
2.86927 -454.788
793.657 2730.03
1902.36 -1233.01
==========================
3087.75 -3484.63
2.87051 -454.776
793.333 2728.25
1896.84 -1298.61
==========================
3087.41 -3484.29
2.87186 -454.764
793.01 2726.47
1890.73 -1364.54
==========================
3087.07 -3483.94
2.87333 -454.752
792.691 2724.69
1884.01 -1430.83
==========================
3086.73 -3483.6
2.87493 -454.739
792.374 2722.93
1876.67 -1497.5
==========================
3086.38 -3483.26
2.87666 -454.727
792.056 2721.17
1868.69 -1564.59
==========================
3086.07 -3482.92
2.87851 -454.712
791.739 2719.42
1860.06 -1632.12
==========================
3085.75 -3482.58
2.8805 -454.697
791.421 2717.69
1850.76 -1700.12
==========================
3085.43 -3482.23
2.88262 -454.681
791.109 2715.95
1840.77 -1768.62
==========================
3085.11 -3481.89
2.88489 -454.666
790.797 2714.22
1830.07 -1837.65
==========================
3084.8 -3481.55
2.8873 -454.651
790.486 2712.51
1818.64 -1907.25
==========================
3084.48 -3481.21
2.88987 -454.636
790.175 2710.8
1806.45 -1977.45
==========================
3084.16 -3480.87
2.89259 -454.62
789.864 2709.09
1793.47 -2048.28
==========================
3083.85 -3480.53
2.89547 -454.605
789.556 2707.41
1779.68 -2119.79
==========================
3083.53 -3480.18
2.89852 -454.59
789.251 2705.73
1765.04 -2192.01
==========================
3083.21 -3479.84
2.90175 -454.575
788.946 2704.04
1749.52 -2264.97
==========================
3082.89 -3479.5
2.90516 -454.559
788.64 2702.38
1733.08 -2338.73
==========================
3082.58 -3479.16
2.90876 -454.544
788.335 2700.72
1715.69 -2413.32
==========================
3082.26 -3478.82
2.91256 -454.529
788.032 2699.06
1697.3 -2488.79
==========================
3081.94 -3478.49
2.91657 -454.514
787.733 2697.41
1677.86 -2565.19
==========================
3081.62 -3478.17
2.9208 -454.498
787.433 2695.77
1657.33 -2642.57
==========================
3081.31 -3477.85
2.92525 -454.483
787.134 2694.14
1635.65 -2720.98
==========================
3080.99 -3477.54
2.92995 -454.468
786.835 2692.51
1612.76 -2800.48
==========================
3080.67 -3477.22
2.93491 -454.452
786.536 2690.9
1588.59 -2881.13
==========================
3080.35 -3476.9
2.94013 -454.437
786.242 2689.29
1563.08 -2962.98
==========================
3080.04 -3476.58
2.94563 -454.419
785.949 2687.68
1536.15 -3046.12
==========================
3079.72 -3476.27
2.95144 -454.401
785.656 2686.09
1507.72 -3130.6
==========================
3079.4 -3475.95
2.95756 -454.383
785.363 2684.5
1477.69 -3216.5
==========================
3079.08 -3475.63
2.96402 -454.364
785.07 2682.91
1445.97 -3303.89
==========================
3078.77 -3475.31
2.97084 -454.346
784.777 2681.33
1412.44 -3392.88
==========================
3078.45 -3475
2.97804 -454.328
784.49 2679.77
1377 -3483.53
==========================
3078.15 -3474.68
2.98566 -454.31
784.203 2678.21
1339.5 -3575.95
==========================
3077.86 -3474.36
2.99371 -454.291
783.916 2676.65
1299.8 -3670.25
==========================
3077.57 -3474.05
3.00224 -454.273
783.629 2675.1
1257.74 -3766.52
==========================
3077.28 -3473.73
3.01127 -454.253
783.343 2673.57
1213.14 -3864.9
==========================
3076.98 -3473.41
3.02085 -454.231
783.056 2672.03
1165.81 -3965.49
==========================
3076.69 -3473.09
3.03102 -454.21
782.776 2670.49
1115.53 -4068.44
==========================
3076.4 -3472.78
3.04183 -454.188
782.495 2668.98
1062.04 -4173.9
==========================
3076.1 -3472.46
3.05333 -454.167
782.214 2667.47
1005.08 -4282.02
==========================
3075.81 -3472.14
3.06559 -454.146
781.933 2665.95
944.338 -4392.96
==========================
3075.52 -3471.82
3.07867 -454.122
781.653 2664.45
879.459 -4506.91
==========================
3075.23 -3471.51
3.09266 -454.098
781.372 2662.96
810.052 -4624.06
==========================
3074.93 -3471.19
3.10764 -454.073
781.097 2661.47
735.668 -4744.63
==========================
3074.64 -3470.87
3.12373 -454.049
780.823 2659.98
655.796 -4868.84
==========================
3074.35 -3470.57
3.14102 -454.023
780.548 2658.5
569.849 -4996.94
==========================
3074.05 -3470.28
3.15966 -453.996
780.273 2657.04
477.152 -5129.18
==========================
3073.76 -3469.99
3.17981 -453.968
779.999 2655.57
376.925 -5265.86
==========================
3073.47 -3469.69
3.20165 -453.941
779.724 2654.11
268.258 -5407.26
==========================
3073.17 -3469.4
3.22538 -453.91
779.453 2652.66
150.089 -5553.73
==========================
3072.88 -3469.11
3.25126 -453.88
779.185 2651.22
21.1662 -5705.58
==========================
3072.59 -3468.81
3.27959 -453.849
778.916 2649.78
-119.993 -5863.16
==========================
3072.3 -3468.52
3.31072 -453.815
778.648 2648.33
-275.158 -6026.84
==========================
3072 -3468.23
3.34508 -453.782
778.379 2646.91
-446.457 -6196.94
==========================
3071.71 -3467.93
3.38317 -453.745
778.111 2645.49
-636.47 -6373.79
==========================
3071.42 -3467.64
3.42564 -453.709
777.843 2644.07
-848.352 -6557.61
==========================
3071.12 -3467.35
3.47325 -453.67
777.58 2642.66
-1086 -6748.51
==========================
3070.83 -3467.06
3.52699 -453.63
777.318 2641.25
-1354.27 -6946.37
==========================
3070.54 -3466.76
3.58807 -453.59
777.056 2639.86
-1659.27 -7150.65
==========================
3070.24 -3466.47
3.65805 -453.547
776.793 2638.46
-2008.81 -7360.19
==========================
3069.97 -3466.18
3.73894 -453.504
776.531 2637.07
-2412.91 -7572.66
==========================
3069.7 -3465.88
3.83334 -453.461
776.268 2635.68
-2884.59 -7783.88
==========================
3069.43 -3465.59
3.94465 -453.421
776.008 2634.31
-3440.9 -7986.41
==========================
3069.16 -3465.3
4.07735 -453.384
775.751 2632.95
-4104.19 -8167.24
==========================
3068.89 -3465.01
4.23722 -453.357
775.495 2631.58
-4903.41 -8303.52
==========================
3068.62 -3464.71
4.43148 -453.346
775.239 2630.21
-5874.63 -8355.03
==========================
3068.36 -3464.42
4.66812 -453.367
774.982 2628.86
-7057.87 -8251.07
==========================
3068.09 -3464.13
4.95295 -453.443
774.726 2627.51
-8482.19 -7870.2
==========================
3067.82 -3463.83
5.28061 -453.612
774.47 2626.17
-10120.8 -7020.23
==========================
3067.55 -3463.54
5.61508 -453.924
774.215 2624.83
-11793.4 -5462.2
==========================
3067.28 -3463.25
5.86978 -454.399
773.964 2623.49
-13067 -3084.08
==========================
3067.01 -3462.95
5.93915 -454.973
773.714 2622.17
-13413.4 -210.613
==========================
3066.74 -3462.66
5.7995 -455.504
773.464 2620.85
-12714.3 2446.62
==========================
3066.48 -3462.38
5.53448 -455.891
773.214 2619.53
-11388 4385.93
==========================
3066.21 -3462.11
5.2412 -456.131
772.963 2618.21
-9920.39 5584.18
==========================
3065.94 -3461.85
4.9717 -456.262
772.713 2616.9
-8571.76 6244.06
==========================
3065.67 -3461.58
4.74137 -456.326
772.463 2615.61
-7419.04 6565.9
==========================
3065.4 -3461.31
4.54928 -456.35
772.218 2614.31
-6457.61 6687.07
==========================
3065.13 -3461.04
4.38966 -456.351
771.974 2613.02
-5658.6 6691.34
==========================
3064.86 -3460.77
4.2563 -456.338
771.73 2611.72
-4991 6628.06
==========================
3064.6 -3460.5
4.1439 -456.318
771.486 2610.44
-4428.19 6526.26
==========================
